1 0.326582 0.884115 0.283544 0.200521 0.397468 0.783854 0.397468 0.789062 0.4 0.791667 0.4 0.809896 0.397468 0.8125 0.387342 0.8125 0.387342 0.817708 0.38481 0.820312 0.379747 0.820312 0.379747 0.822917 0.377215 0.825521 0.364557 0.825521 0.362025 0.822917 0.362025 0.817708 0.359494 0.817708 0.356962 0.820312 0.35443 0.820312 0.351899 0.822917 0.339241 0.822917 0.336709 0.820312 0.334177 0.820312 0.331646 0.817708 0.331646 0.804688 0.334177 0.802083 0.344304 0.802083 0.344304 0.799479 0.334177 0.799479 0.331646 0.796875 0.331646 0.799479 0.329114 0.802083 0.318987 0.802083 0.316456 0.804688 0.298734 0.804688 0.293671 0.799479 0.293671 0.796875 0.273418 0.796875 0.270886 0.794271 0.268354 0.794271 0.265823 0.796875 0.265823 0.802083 0.263291 0.804688 0.24557 0.804688 0.243038 0.807292 0.235443 0.807292 0.232911 0.809896 0.222785 0.809896 0.222785 0.820312 0.220253 0.822917 0.212658 0.822917 0.207595 0.828125 0.18481 0.828125 0.187342 0.830729 0.189873 0.828125 0.207595 0.828125 0.210127 0.825521 0.217722 0.825521 0.220253 0.822917 0.237975 0.822917 0.240506 0.825521 0.240506 0.833333 0.240506 0.828125 0.24557 0.822917 0.248101 0.822917 0.248101 0.815104 0.250633 0.8125 0.268354 0.8125 0.273418 0.817708 0.273418 0.828125 0.270886 0.830729 0.263291 0.830729 0.265823 0.830729 0.268354 0.833333 0.268354 0.84375 0.265823 0.846354 0.265823 0.851562 0.268354 0.854167 0.268354 0.864583 0.273418 0.869792 0.273418 0.882812 0.270886 0.885417 0.270886 0.888021 0.273418 0.890625 0.273418 0.893229 0.275949 0.890625 0.275949 0.888021 0.278481 0.885417 0.283544 0.885417 0.283544 0.882812 0.278481 0.877604 0.278481 0.864583 0.270886 0.864583 0.268354 0.861979 0.268354 0.838542 0.270886 0.835938 0.281013 0.835938 0.291139 0.846354 0.291139 0.856771 0.288608 0.859375 0.288608 0.861979 0.296203 0.861979 0.298734 0.864583 0.298734 0.867188 0.298734 0.848958 0.301266 0.846354 0.303797 0.846354 0.303797 0.841146 0.306329 0.838542 0.313924 0.838542 0.308861 0.833333 0.308861 0.828125 0.306329 0.828125 0.303797 0.825521 0.303797 0.809896 0.306329 0.807292 0.318987 0.807292 0.321519 0.809896 0.321519 0.815104 0.324051 0.817708 0.331646 0.817708 0.334177 0.820312 0.334177 0.822917 0.344304 0.822917 0.346835 0.825521 0.346835 0.838542 0.349367 0.841146 0.349367 0.856771 0.346835 0.859375 0.346835 0.861979 0.349367 0.861979 0.351899 0.864583 0.351899 0.890625 0.349367 0.893229 0.344304 0.893229 0.344304 0.895833 0.346835 0.898438 0.346835 0.903646 0.351899 0.908854 0.351899 0.919271 0.349367 0.921875 0.346835 0.921875 0.346835 0.924479 0.344304 0.927083 0.336709 0.927083 0.336709 0.9375 0.334177 0.940104 0.349367 0.940104 0.35443 0.945312 0.35443 0.963542 0.356962 0.963542 0.359494 0.966146 0.359494 0.981771 0.362025 0.981771 0.362025 0.976562 0.364557 0.973958 0.364557 0.960938 0.356962 0.960938 0.35443 0.958333 0.35443 0.940104 0.356962 0.9375 0.364557 0.9375 0.359494 0.932292 0.35443 0.932292 0.351899 0.929688 0.351899 0.914062 0.35443 0.911458 0.35443 0.901042 0.356962 0.898438 0.359494 0.898438 0.359494 0.895833 0.356962 0.895833 0.35443 0.893229 0.35443 0.880208 0.356962 0.877604 0.356962 0.872396 0.362025 0.867188 0.364557 0.867188 0.367089 0.864583 0.36962 0.864583 0.364557 0.864583 0.362025 0.861979 0.362025 0.859375 0.356962 0.859375 0.35443 0.856771 0.35443 0.838542 0.356962 0.835938 0.362025 0.835938 0.364557 0.833333 0.389873 0.833333 0.392405 0.835938 0.392405 0.84375 0.394937 0.84375 0.394937 0.841146 0.392405 0.838542 0.392405 0.822917 0.394937 0.820312 0.417722 0.820312 0.420253 0.822917 0.420253 0.828125 0.422785 0.830729 0.422785 0.828125 0.425316 0.825521 0.440506 0.825521 0.435443 0.820312 0.435443 0.809896 0.437975 0.807292 0.448101 0.807292 0.450633 0.809896 0.450633 0.796875 0.453165 0.794271 0.460759 0.794271 0.463291 0.791667 0.465823 0.791667 0.465823 0.789062 0.455696 0.789062 0.453165 0.791667 0.44557 0.791667 0.44557 0.799479 0.443038 0.802083 0.437975 0.802083 0.437975 0.804688 0.432911 0.809896 0.420253 0.809896 0.417722 0.807292 0.41519 0.807292 0.407595 0.799479 0.407595 0.789062 0.402532 0.789062
1 0.106329 0.817708 0.212658 0.072917 0.2 0.78125 0.2 0.791667 0.197468 0.794271 0.18481 0.794271 0.18481 0.807292 0.182278 0.809896 0.15443 0.809896 0.151899 0.807292 0.144304 0.807292 0.141772 0.809896 0.111392 0.809896 0.108861 0.807292 0.108861 0.796875 0.111392 0.794271 0.124051 0.794271 0.124051 0.791667 0.126582 0.789062 0.124051 0.791667 0.113924 0.791667 0.103797 0.802083 0.101266 0.802083 0.101266 0.807292 0.098734 0.809896 0.091139 0.809896 0.088608 0.8125 0.083544 0.8125 0.078481 0.817708 0.073418 0.817708 0.065823 0.825521 0.04557 0.825521 0.043038 0.828125 0.032911 0.828125 0.03038 0.825521 0.0 0.825521 0.0 0.830729 0.005063 0.830729 0.007595 0.833333 0.007595 0.846354 0.005063 0.848958 0.0 0.848958 0.010127 0.848958 0.010127 0.841146 0.012658 0.838542 0.017722 0.838542 0.017722 0.830729 0.020253 0.828125 0.040506 0.828125 0.043038 0.830729 0.043038 0.838542 0.053165 0.838542 0.055696 0.841146 0.055696 0.838542 0.058228 0.835938 0.058228 0.828125 0.060759 0.825521 0.065823 0.825521 0.070886 0.820312 0.086076 0.820312 0.088608 0.822917 0.088608 0.833333 0.086076 0.835938 0.081013 0.835938 0.078481 0.838542 0.078481 0.841146 0.078481 0.838542 0.081013 0.835938 0.091139 0.835938 0.093671 0.838542 0.093671 0.846354 0.096203 0.846354 0.098734 0.848958 0.101266 0.848958 0.103797 0.851562 0.108861 0.851562 0.106329 0.851562 0.101266 0.846354 0.101266 0.830729 0.103797 0.828125 0.124051 0.828125 0.126582 0.830729 0.139241 0.830729 0.139241 0.828125 0.136709 0.830729 0.126582 0.830729 0.124051 0.828125 0.116456 0.828125 0.113924 0.825521 0.113924 0.8125 0.116456 0.809896 0.129114 0.809896 0.131646 0.8125 0.141772 0.8125 0.144304 0.815104 0.144304 0.817708 0.144304 0.8125 0.146835 0.809896 0.156962 0.809896 0.159494 0.8125 0.162025 0.8125 0.164557 0.815104 0.164557 0.838542 0.167089 0.838542 0.167089 0.828125 0.16962 0.825521 0.179747 0.825521 0.179747 0.815104 0.182278 0.8125 0.18481 0.8125 0.187342 0.809896 0.202532 0.809896 0.205063 0.807292 0.210127 0.807292 0.210127 0.804688 0.205063 0.799479 0.205063 0.794271 0.202532 0.791667 0.202532 0.786458 0.2 0.783854
1 0.815190 0.731771 0.086076 0.088542 0.807595 0.6875 0.807595 0.695312 0.805063 0.697917 0.794937 0.697917 0.794937 0.708333 0.792405 0.710938 0.782278 0.710938 0.779747 0.713542 0.772152 0.713542 0.772152 0.721354 0.782278 0.721354 0.78481 0.723958 0.78481 0.731771 0.792405 0.731771 0.794937 0.734375 0.794937 0.739583 0.797468 0.742188 0.797468 0.755208 0.8 0.755208 0.8 0.747396 0.802532 0.744792 0.825316 0.744792 0.827848 0.747396 0.827848 0.755208 0.83038 0.755208 0.832911 0.757812 0.832911 0.770833 0.83038 0.773438 0.820253 0.773438 0.837975 0.773438 0.837975 0.760417 0.835443 0.760417 0.832911 0.757812 0.832911 0.747396 0.835443 0.744792 0.840506 0.744792 0.840506 0.734375 0.843038 0.731771 0.843038 0.729167 0.84557 0.726562 0.855696 0.726562 0.850633 0.726562 0.848101 0.723958 0.848101 0.716146 0.848101 0.723958 0.84557 0.726562 0.840506 0.726562 0.840506 0.729167 0.837975 0.731771 0.822785 0.731771 0.817722 0.726562 0.817722 0.742188 0.81519 0.744792 0.805063 0.744792 0.802532 0.742188 0.802532 0.736979 0.8 0.734375 0.8 0.723958 0.805063 0.71875 0.812658 0.71875 0.812658 0.705729 0.81519 0.703125 0.810127 0.697917 0.810127 0.692708 0.807595 0.690104
1 0.712658 0.738281 0.103797 0.106771 0.736709 0.684896 0.736709 0.697917 0.734177 0.700521 0.724051 0.700521 0.721519 0.697917 0.718987 0.697917 0.718987 0.705729 0.721519 0.705729 0.724051 0.703125 0.734177 0.703125 0.736709 0.705729 0.749367 0.705729 0.751899 0.708333 0.751899 0.729167 0.749367 0.731771 0.739241 0.731771 0.736709 0.734375 0.734177 0.734375 0.729114 0.739583 0.729114 0.747396 0.726582 0.75 0.713924 0.75 0.711392 0.747396 0.711392 0.742188 0.708861 0.742188 0.706329 0.739583 0.706329 0.729167 0.708861 0.726562 0.713924 0.726562 0.706329 0.726562 0.703797 0.723958 0.703797 0.721354 0.701266 0.71875 0.698734 0.71875 0.703797 0.723958 0.703797 0.734375 0.701266 0.736979 0.701266 0.744792 0.698734 0.747396 0.688608 0.747396 0.686076 0.744792 0.686076 0.747396 0.696203 0.747396 0.698734 0.75 0.698734 0.763021 0.696203 0.765625 0.688608 0.765625 0.688608 0.770833 0.686076 0.773438 0.665823 0.773438 0.663291 0.770833 0.660759 0.770833 0.660759 0.773438 0.663291 0.776042 0.663291 0.78125 0.665823 0.783854 0.665823 0.778646 0.668354 0.776042 0.681013 0.776042 0.683544 0.778646 0.683544 0.789062 0.683544 0.778646 0.686076 0.776042 0.698734 0.776042 0.701266 0.778646 0.701266 0.78125 0.706329 0.786458 0.706329 0.783854 0.708861 0.78125 0.718987 0.78125 0.718987 0.773438 0.708861 0.773438 0.706329 0.770833 0.706329 0.757812 0.708861 0.755208 0.718987 0.755208 0.721519 0.757812 0.721519 0.763021 0.729114 0.763021 0.729114 0.752604 0.731646 0.75 0.736709 0.75 0.739241 0.747396 0.751899 0.747396 0.751899 0.736979 0.75443 0.734375 0.756962 0.734375 0.756962 0.708333 0.759494 0.705729 0.762025 0.705729 0.762025 0.690104 0.751899 0.690104 0.751899 0.695312 0.749367 0.697917 0.739241 0.697917 0.736709 0.695312
1 0.193671 0.720052 0.088608 0.106771 0.159494 0.666667 0.159494 0.669271 0.162025 0.671875 0.162025 0.677083 0.164557 0.679688 0.164557 0.692708 0.162025 0.695312 0.149367 0.695312 0.151899 0.697917 0.151899 0.708333 0.15443 0.710938 0.15443 0.721354 0.151899 0.723958 0.15443 0.723958 0.15443 0.716146 0.156962 0.713542 0.16962 0.713542 0.172152 0.716146 0.172152 0.723958 0.174684 0.726562 0.174684 0.734375 0.177215 0.736979 0.177215 0.752604 0.174684 0.755208 0.172152 0.755208 0.18481 0.755208 0.189873 0.760417 0.189873 0.763021 0.205063 0.763021 0.207595 0.765625 0.207595 0.770833 0.210127 0.770833 0.210127 0.763021 0.207595 0.760417 0.207595 0.75 0.210127 0.747396 0.220253 0.747396 0.222785 0.75 0.23038 0.75 0.232911 0.752604 0.235443 0.752604 0.232911 0.752604 0.23038 0.75 0.23038 0.739583 0.23038 0.742188 0.227848 0.744792 0.217722 0.744792 0.21519 0.742188 0.210127 0.742188 0.207595 0.739583 0.207595 0.71875 0.2 0.71875 0.2 0.721354 0.197468 0.723958 0.192405 0.723958 0.192405 0.726562 0.194937 0.729167 0.194937 0.742188 0.2 0.742188 0.202532 0.744792 0.202532 0.757812 0.2 0.760417 0.189873 0.760417 0.187342 0.757812 0.187342 0.744792 0.182278 0.744792 0.179747 0.742188 0.179747 0.729167 0.177215 0.729167 0.174684 0.726562 0.174684 0.716146 0.179747 0.710938 0.177215 0.713542 0.167089 0.713542 0.164557 0.710938 0.164557 0.6875 0.16962 0.682292 0.174684 0.682292 0.174684 0.679688 0.172152 0.679688 0.16962 0.677083 0.16962 0.669271 0.167089 0.666667
1 0.854430 0.628906 0.063291 0.132812 0.881013 0.5625 0.881013 0.565104 0.875949 0.570312 0.873418 0.570312 0.870886 0.572917 0.870886 0.583333 0.865823 0.588542 0.865823 0.596354 0.863291 0.598958 0.855696 0.598958 0.855696 0.601562 0.858228 0.604167 0.868354 0.604167 0.870886 0.606771 0.870886 0.611979 0.873418 0.614583 0.873418 0.619792 0.875949 0.622396 0.875949 0.632812 0.873418 0.635417 0.858228 0.635417 0.858228 0.643229 0.855696 0.645833 0.84557 0.645833 0.843038 0.643229 0.843038 0.632812 0.84557 0.630208 0.855696 0.630208 0.855696 0.627604 0.840506 0.627604 0.837975 0.625 0.837975 0.632812 0.835443 0.635417 0.835443 0.638021 0.832911 0.640625 0.822785 0.640625 0.83038 0.640625 0.832911 0.643229 0.832911 0.65625 0.832911 0.651042 0.835443 0.648438 0.848101 0.648438 0.850633 0.651042 0.850633 0.661458 0.848101 0.664062 0.840506 0.664062 0.840506 0.669271 0.84557 0.669271 0.848101 0.671875 0.848101 0.682292 0.858228 0.692708 0.853165 0.6875 0.853165 0.684896 0.850633 0.682292 0.850633 0.669271 0.853165 0.666667 0.863291 0.666667 0.863291 0.658854 0.865823 0.65625 0.873418 0.65625 0.873418 0.651042 0.865823 0.651042 0.863291 0.648438 0.863291 0.638021 0.865823 0.635417 0.875949 0.635417 0.881013 0.630208 0.878481 0.630208 0.875949 0.627604 0.875949 0.611979 0.873418 0.609375 0.873418 0.59375 0.870886 0.591146 0.870886 0.575521 0.873418 0.572917 0.875949 0.572917 0.878481 0.570312 0.883544 0.570312 0.883544 0.5625
1 0.503797 0.651042 0.111392 0.208333 0.450633 0.546875 0.450633 0.552083 0.453165 0.554688 0.453165 0.565104 0.450633 0.567708 0.450633 0.572917 0.460759 0.572917 0.463291 0.575521 0.463291 0.588542 0.460759 0.591146 0.450633 0.591146 0.450633 0.604167 0.448101 0.606771 0.450633 0.609375 0.450633 0.619792 0.450633 0.609375 0.453165 0.606771 0.463291 0.606771 0.465823 0.609375 0.465823 0.619792 0.468354 0.622396 0.468354 0.645833 0.465823 0.648438 0.458228 0.648438 0.458228 0.651042 0.460759 0.651042 0.463291 0.653646 0.463291 0.664062 0.460759 0.666667 0.458228 0.666667 0.460759 0.666667 0.463291 0.669271 0.463291 0.679688 0.460759 0.682292 0.450633 0.682292 0.460759 0.682292 0.463291 0.684896 0.463291 0.705729 0.460759 0.708333 0.460759 0.723958 0.460759 0.716146 0.463291 0.713542 0.465823 0.713542 0.465823 0.710938 0.468354 0.708333 0.478481 0.708333 0.481013 0.710938 0.481013 0.721354 0.483544 0.723958 0.483544 0.726562 0.486076 0.729167 0.486076 0.739583 0.483544 0.742188 0.478481 0.742188 0.481013 0.744792 0.481013 0.752604 0.481013 0.75 0.483544 0.747396 0.488608 0.747396 0.488608 0.744792 0.486076 0.742188 0.486076 0.723958 0.488608 0.721354 0.491139 0.721354 0.493671 0.71875 0.493671 0.713542 0.488608 0.713542 0.486076 0.710938 0.486076 0.708333 0.483544 0.705729 0.483544 0.6875 0.486076 0.684896 0.496203 0.684896 0.496203 0.682292 0.493671 0.682292 0.491139 0.679688 0.491139 0.666667 0.493671 0.664062 0.503797 0.664062 0.503797 0.65625 0.506329 0.653646 0.524051 0.653646 0.526582 0.65625 0.526582 0.666667 0.524051 0.669271 0.541772 0.669271 0.544304 0.671875 0.544304 0.679688 0.546835 0.682292 0.549367 0.682292 0.551899 0.684896 0.551899 0.697917 0.55443 0.697917 0.55443 0.692708 0.556962 0.690104 0.556962 0.671875 0.55443 0.669271 0.55443 0.653646 0.551899 0.653646 0.549367 0.651042 0.549367 0.645833 0.544304 0.645833 0.541772 0.643229 0.526582 0.643229 0.524051 0.640625 0.524051 0.638021 0.524051 0.648438 0.518987 0.653646 0.498734 0.653646 0.496203 0.651042 0.496203 0.648438 0.493671 0.648438 0.491139 0.645833 0.491139 0.643229 0.488608 0.640625 0.488608 0.630208 0.491139 0.627604 0.491139 0.622396 0.493671 0.619792 0.503797 0.619792 0.503797 0.614583 0.506329 0.611979 0.508861 0.611979 0.506329 0.609375 0.506329 0.598958 0.508861 0.596354 0.503797 0.596354 0.501266 0.598958 0.501266 0.604167 0.498734 0.606771 0.486076 0.606771 0.483544 0.604167 0.483544 0.596354 0.481013 0.596354 0.473418 0.588542 0.468354 0.588542 0.465823 0.585938 0.465823 0.578125 0.463291 0.575521 0.463291 0.565104 0.455696 0.565104 0.453165 0.5625 0.453165 0.552083 0.455696 0.549479 0.460759 0.549479 0.455696 0.549479 0.453165 0.546875
1 0.797468 0.579427 0.045570 0.091146 0.797468 0.533854 0.797468 0.536458 0.794937 0.539062 0.789873 0.539062 0.789873 0.546875 0.787342 0.549479 0.777215 0.549479 0.774684 0.546875 0.782278 0.554688 0.782278 0.559896 0.78481 0.559896 0.787342 0.5625 0.797468 0.5625 0.8 0.565104 0.8 0.578125 0.807595 0.578125 0.810127 0.580729 0.810127 0.591146 0.807595 0.59375 0.805063 0.59375 0.802532 0.596354 0.802532 0.604167 0.8 0.606771 0.789873 0.606771 0.789873 0.622396 0.802532 0.622396 0.805063 0.619792 0.807595 0.619792 0.807595 0.609375 0.810127 0.606771 0.81519 0.606771 0.81519 0.575521 0.817722 0.572917 0.817722 0.5625 0.81519 0.559896 0.8 0.559896 0.797468 0.557292 0.797468 0.544271 0.8 0.541667 0.8 0.533854
1 0.324051 0.569010 0.146835 0.164062 0.306329 0.486979 0.306329 0.489583 0.303797 0.492188 0.303797 0.494792 0.306329 0.497396 0.306329 0.502604 0.313924 0.502604 0.316456 0.505208 0.316456 0.513021 0.318987 0.515625 0.321519 0.515625 0.324051 0.518229 0.329114 0.518229 0.331646 0.520833 0.331646 0.539062 0.329114 0.541667 0.329114 0.552083 0.326582 0.554688 0.326582 0.557292 0.324051 0.559896 0.324051 0.5625 0.321519 0.565104 0.316456 0.565104 0.313924 0.567708 0.313924 0.583333 0.311392 0.585938 0.293671 0.585938 0.291139 0.583333 0.291139 0.575521 0.281013 0.575521 0.278481 0.572917 0.278481 0.567708 0.275949 0.567708 0.273418 0.570312 0.273418 0.572917 0.270886 0.575521 0.263291 0.575521 0.263291 0.578125 0.258228 0.583333 0.258228 0.585938 0.253165 0.591146 0.253165 0.601562 0.250633 0.604167 0.250633 0.611979 0.250633 0.609375 0.253165 0.606771 0.253165 0.59375 0.258228 0.588542 0.268354 0.588542 0.270886 0.591146 0.270886 0.596354 0.270886 0.585938 0.273418 0.583333 0.275949 0.583333 0.278481 0.580729 0.288608 0.580729 0.291139 0.583333 0.291139 0.596354 0.296203 0.596354 0.298734 0.598958 0.298734 0.601562 0.301266 0.604167 0.308861 0.604167 0.311392 0.606771 0.311392 0.609375 0.313924 0.606771 0.344304 0.606771 0.346835 0.609375 0.346835 0.611979 0.349367 0.614583 0.349367 0.619792 0.351899 0.622396 0.351899 0.632812 0.35443 0.630208 0.367089 0.630208 0.36962 0.632812 0.36962 0.643229 0.367089 0.645833 0.364557 0.645833 0.364557 0.648438 0.36962 0.648438 0.36962 0.638021 0.372152 0.635417 0.372152 0.625 0.374684 0.622396 0.38481 0.622396 0.392405 0.630208 0.392405 0.638021 0.394937 0.635417 0.394937 0.630208 0.392405 0.627604 0.389873 0.627604 0.382278 0.619792 0.382278 0.609375 0.38481 0.606771 0.382278 0.606771 0.379747 0.604167 0.377215 0.604167 0.377215 0.609375 0.374684 0.611979 0.364557 0.611979 0.362025 0.614583 0.351899 0.614583 0.349367 0.611979 0.349367 0.606771 0.331646 0.606771 0.329114 0.604167 0.329114 0.59375 0.331646 0.591146 0.331646 0.588542 0.334177 0.585938 0.334177 0.583333 0.336709 0.580729 0.349367 0.580729 0.351899 0.583333 0.351899 0.570312 0.35443 0.567708 0.351899 0.567708 0.349367 0.565104 0.349367 0.552083 0.346835 0.552083 0.346835 0.5625 0.344304 0.565104 0.331646 0.565104 0.329114 0.5625 0.329114 0.552083 0.331646 0.549479 0.341772 0.549479 0.341772 0.541667 0.339241 0.539062 0.339241 0.528646 0.336709 0.528646 0.334177 0.526042 0.334177 0.515625 0.336709 0.513021 0.326582 0.513021 0.324051 0.510417 0.324051 0.5 0.308861 0.5 0.306329 0.497396
1 0.151899 0.614583 0.106329 0.265625 0.172152 0.481771 0.172152 0.489583 0.16962 0.492188 0.15443 0.492188 0.151899 0.489583 0.151899 0.486979 0.149367 0.484375 0.144304 0.489583 0.136709 0.489583 0.134177 0.492188 0.129114 0.492188 0.131646 0.492188 0.134177 0.494792 0.134177 0.497396 0.136709 0.5 0.141772 0.5 0.144304 0.502604 0.144304 0.526042 0.141772 0.528646 0.124051 0.528646 0.124051 0.53125 0.129114 0.536458 0.129114 0.552083 0.126582 0.554688 0.121519 0.554688 0.129114 0.554688 0.131646 0.557292 0.131646 0.567708 0.129114 0.570312 0.121519 0.570312 0.124051 0.572917 0.124051 0.580729 0.126582 0.583333 0.126582 0.59375 0.124051 0.596354 0.113924 0.596354 0.113924 0.601562 0.121519 0.601562 0.124051 0.604167 0.124051 0.625 0.121519 0.627604 0.106329 0.627604 0.103797 0.625 0.103797 0.622396 0.098734 0.627604 0.111392 0.627604 0.113924 0.630208 0.113924 0.635417 0.116456 0.638021 0.116456 0.651042 0.118987 0.653646 0.118987 0.661458 0.124051 0.661458 0.126582 0.664062 0.126582 0.679688 0.121519 0.684896 0.126582 0.684896 0.129114 0.6875 0.129114 0.703125 0.126582 0.705729 0.116456 0.705729 0.116456 0.71875 0.113924 0.721354 0.113924 0.723958 0.111392 0.726562 0.108861 0.726562 0.106329 0.729167 0.106329 0.731771 0.108861 0.731771 0.111392 0.734375 0.111392 0.742188 0.124051 0.742188 0.126582 0.744792 0.126582 0.739583 0.113924 0.739583 0.111392 0.736979 0.111392 0.726562 0.113924 0.723958 0.131646 0.723958 0.134177 0.726562 0.134177 0.729167 0.136709 0.729167 0.136709 0.71875 0.139241 0.716146 0.136709 0.713542 0.136709 0.708333 0.131646 0.703125 0.131646 0.692708 0.134177 0.690104 0.134177 0.682292 0.136709 0.679688 0.139241 0.679688 0.139241 0.653646 0.136709 0.651042 0.136709 0.640625 0.139241 0.638021 0.129114 0.638021 0.126582 0.635417 0.126582 0.622396 0.129114 0.619792 0.141772 0.619792 0.136709 0.614583 0.129114 0.614583 0.126582 0.611979 0.126582 0.598958 0.129114 0.596354 0.134177 0.596354 0.134177 0.59375 0.129114 0.588542 0.129114 0.575521 0.131646 0.572917 0.134177 0.572917 0.134177 0.567708 0.136709 0.565104 0.146835 0.565104 0.149367 0.567708 0.151899 0.567708 0.15443 0.570312 0.159494 0.570312 0.162025 0.567708 0.164557 0.567708 0.167089 0.565104 0.16962 0.565104 0.16962 0.5625 0.172152 0.559896 0.182278 0.559896 0.18481 0.5625 0.18481 0.570312 0.187342 0.570312 0.187342 0.567708 0.189873 0.565104 0.192405 0.565104 0.194937 0.5625 0.194937 0.549479 0.197468 0.546875 0.202532 0.546875 0.2 0.546875 0.197468 0.544271 0.194937 0.544271 0.194937 0.554688 0.192405 0.557292 0.172152 0.557292 0.16962 0.554688 0.16962 0.546875 0.151899 0.546875 0.149367 0.544271 0.149367 0.528646 0.151899 0.526042 0.146835 0.520833 0.146835 0.510417 0.149367 0.507812 0.151899 0.507812 0.151899 0.5 0.15443 0.497396 0.162025 0.497396 0.164557 0.494792 0.172152 0.494792
1 0.522785 0.524740 0.088608 0.164062 0.498734 0.442708 0.498734 0.445312 0.496203 0.447917 0.491139 0.447917 0.496203 0.447917 0.498734 0.450521 0.498734 0.458333 0.501266 0.460938 0.501266 0.476562 0.498734 0.479167 0.498734 0.484375 0.496203 0.486979 0.491139 0.486979 0.488608 0.489583 0.483544 0.489583 0.483544 0.492188 0.481013 0.494792 0.481013 0.497396 0.486076 0.492188 0.498734 0.492188 0.501266 0.494792 0.501266 0.505208 0.513924 0.505208 0.516456 0.507812 0.516456 0.518229 0.513924 0.520833 0.513924 0.546875 0.511392 0.549479 0.498734 0.549479 0.498734 0.552083 0.496203 0.554688 0.478481 0.554688 0.481013 0.557292 0.481013 0.567708 0.478481 0.570312 0.481013 0.570312 0.481013 0.559896 0.483544 0.557292 0.493671 0.557292 0.496203 0.559896 0.496203 0.570312 0.498734 0.572917 0.503797 0.572917 0.506329 0.575521 0.506329 0.580729 0.508861 0.580729 0.511392 0.583333 0.513924 0.580729 0.518987 0.580729 0.521519 0.578125 0.534177 0.578125 0.536709 0.580729 0.536709 0.588542 0.546835 0.588542 0.549367 0.591146 0.549367 0.601562 0.546835 0.604167 0.544304 0.604167 0.551899 0.604167 0.55443 0.601562 0.556962 0.601562 0.559494 0.598958 0.559494 0.588542 0.562025 0.585938 0.564557 0.585938 0.559494 0.585938 0.556962 0.583333 0.55443 0.585938 0.544304 0.585938 0.541772 0.583333 0.541772 0.572917 0.544304 0.570312 0.544304 0.567708 0.536709 0.567708 0.536709 0.575521 0.534177 0.578125 0.518987 0.578125 0.516456 0.575521 0.516456 0.572917 0.513924 0.570312 0.513924 0.559896 0.516456 0.557292 0.518987 0.557292 0.518987 0.544271 0.521519 0.541667 0.526582 0.541667 0.526582 0.53125 0.529114 0.528646 0.531646 0.528646 0.524051 0.528646 0.521519 0.526042 0.521519 0.520833 0.518987 0.520833 0.516456 0.518229 0.516456 0.505208 0.506329 0.505208 0.503797 0.502604 0.503797 0.492188 0.506329 0.489583 0.506329 0.486979 0.508861 0.484375 0.513924 0.484375 0.516456 0.481771 0.526582 0.481771 0.529114 0.484375 0.531646 0.481771 0.551899 0.481771 0.551899 0.476562 0.546835 0.476562 0.541772 0.471354 0.539241 0.471354 0.534177 0.466146 0.534177 0.460938 0.531646 0.458333 0.531646 0.450521 0.529114 0.450521 0.526582 0.453125 0.516456 0.453125 0.513924 0.450521 0.501266 0.450521 0.498734 0.447917
1 0.236709 0.440104 0.078481 0.052083 0.265823 0.414062 0.263291 0.416667 0.235443 0.416667 0.235443 0.419271 0.232911 0.421875 0.227848 0.421875 0.227848 0.424479 0.225316 0.427083 0.217722 0.427083 0.217722 0.432292 0.21519 0.434896 0.207595 0.434896 0.202532 0.440104 0.197468 0.440104 0.2 0.440104 0.202532 0.442708 0.202532 0.453125 0.2 0.455729 0.2 0.460938 0.202532 0.460938 0.202532 0.458333 0.205063 0.455729 0.21519 0.455729 0.217722 0.458333 0.220253 0.458333 0.225316 0.463542 0.227848 0.463542 0.227848 0.458333 0.222785 0.458333 0.220253 0.455729 0.220253 0.445312 0.222785 0.442708 0.232911 0.442708 0.235443 0.445312 0.235443 0.455729 0.243038 0.455729 0.24557 0.458333 0.248101 0.458333 0.250633 0.455729 0.24557 0.455729 0.243038 0.453125 0.243038 0.434896 0.240506 0.434896 0.237975 0.432292 0.237975 0.421875 0.240506 0.419271 0.260759 0.419271 0.263291 0.421875 0.263291 0.427083 0.265823 0.429688 0.268354 0.429688 0.268354 0.424479 0.270886 0.421875 0.273418 0.421875 0.273418 0.416667 0.270886 0.414062
1 0.402532 0.458333 0.086076 0.135417 0.412658 0.390625 0.410127 0.393229 0.407595 0.393229 0.405063 0.395833 0.397468 0.395833 0.397468 0.401042 0.394937 0.403646 0.379747 0.403646 0.374684 0.398438 0.374684 0.393229 0.362025 0.393229 0.36962 0.393229 0.372152 0.395833 0.372152 0.419271 0.36962 0.421875 0.362025 0.421875 0.362025 0.432292 0.359494 0.434896 0.359494 0.4375 0.362025 0.440104 0.372152 0.440104 0.377215 0.445312 0.377215 0.455729 0.374684 0.458333 0.38481 0.458333 0.387342 0.460938 0.387342 0.479167 0.38481 0.481771 0.38481 0.492188 0.382278 0.494792 0.382278 0.505208 0.379747 0.507812 0.377215 0.507812 0.377215 0.523438 0.379747 0.520833 0.379747 0.513021 0.382278 0.510417 0.392405 0.510417 0.389873 0.507812 0.389873 0.494792 0.392405 0.492188 0.397468 0.492188 0.4 0.489583 0.410127 0.489583 0.412658 0.492188 0.412658 0.497396 0.41519 0.497396 0.417722 0.494792 0.425316 0.494792 0.427848 0.492188 0.432911 0.492188 0.43038 0.492188 0.427848 0.489583 0.417722 0.489583 0.41519 0.486979 0.402532 0.486979 0.4 0.484375 0.4 0.473958 0.402532 0.471354 0.425316 0.471354 0.425316 0.458333 0.427848 0.455729 0.432911 0.455729 0.432911 0.450521 0.420253 0.450521 0.417722 0.447917 0.417722 0.442708 0.412658 0.447917 0.402532 0.447917 0.402532 0.450521 0.4 0.453125 0.389873 0.453125 0.387342 0.450521 0.387342 0.440104 0.389873 0.4375 0.394937 0.4375 0.38481 0.4375 0.382278 0.434896 0.382278 0.411458 0.38481 0.408854 0.405063 0.408854 0.407595 0.411458 0.407595 0.414062 0.407595 0.40625 0.410127 0.403646 0.417722 0.403646 0.417722 0.395833 0.420253 0.393229 0.43038 0.393229 0.432911 0.395833 0.432911 0.408854 0.43038 0.411458 0.427848 0.411458 0.427848 0.419271 0.427848 0.416667 0.435443 0.408854 0.437975 0.408854 0.437975 0.40625 0.435443 0.40625 0.432911 0.403646 0.432911 0.393229 0.435443 0.390625 0.443038 0.390625
1 0.726582 0.381510 0.096203 0.117188 0.741772 0.322917 0.739241 0.325521 0.729114 0.325521 0.726582 0.328125 0.726582 0.346354 0.724051 0.348958 0.716456 0.348958 0.708861 0.356771 0.698734 0.356771 0.698734 0.359375 0.703797 0.364583 0.703797 0.375 0.701266 0.377604 0.701266 0.380208 0.698734 0.382812 0.691139 0.382812 0.691139 0.403646 0.688608 0.40625 0.678481 0.40625 0.683544 0.40625 0.686076 0.408854 0.693671 0.408854 0.696203 0.411458 0.696203 0.416667 0.698734 0.419271 0.721519 0.419271 0.716456 0.419271 0.708861 0.411458 0.706329 0.411458 0.703797 0.408854 0.703797 0.40625 0.701266 0.40625 0.696203 0.401042 0.696203 0.388021 0.698734 0.385417 0.701266 0.385417 0.701266 0.377604 0.703797 0.375 0.708861 0.375 0.708861 0.369792 0.711392 0.367188 0.721519 0.367188 0.724051 0.369792 0.724051 0.382812 0.721519 0.385417 0.721519 0.393229 0.729114 0.393229 0.734177 0.398438 0.734177 0.411458 0.736709 0.414062 0.736709 0.424479 0.739241 0.424479 0.741772 0.421875 0.762025 0.421875 0.764557 0.424479 0.764557 0.434896 0.762025 0.4375 0.767089 0.4375 0.767089 0.421875 0.76962 0.419271 0.772152 0.419271 0.772152 0.416667 0.762025 0.416667 0.759494 0.414062 0.759494 0.408854 0.756962 0.40625 0.756962 0.401042 0.75443 0.398438 0.75443 0.385417 0.756962 0.382812 0.759494 0.382812 0.759494 0.380208 0.762025 0.377604 0.764557 0.377604 0.762025 0.377604 0.759494 0.375 0.759494 0.364583 0.759494 0.375 0.756962 0.377604 0.751899 0.377604 0.751899 0.385417 0.75443 0.388021 0.75443 0.398438 0.756962 0.401042 0.756962 0.411458 0.75443 0.414062 0.739241 0.414062 0.736709 0.411458 0.736709 0.398438 0.734177 0.395833 0.734177 0.388021 0.731646 0.385417 0.731646 0.364583 0.734177 0.361979 0.739241 0.361979 0.731646 0.361979 0.729114 0.359375 0.729114 0.348958 0.731646 0.346354 0.739241 0.346354 0.741772 0.34375 0.759494 0.34375 0.759494 0.341146 0.75443 0.341146 0.751899 0.338542 0.751899 0.322917
1 0.618987 0.338542 0.113924 0.088542 0.627848 0.294271 0.627848 0.296875 0.625316 0.299479 0.620253 0.299479 0.620253 0.3125 0.617722 0.315104 0.607595 0.315104 0.605063 0.3125 0.605063 0.304688 0.594937 0.304688 0.594937 0.309896 0.592405 0.3125 0.572152 0.3125 0.56962 0.309896 0.56962 0.315104 0.567089 0.317708 0.562025 0.317708 0.562025 0.320312 0.572152 0.320312 0.574684 0.317708 0.589873 0.317708 0.594937 0.322917 0.6 0.317708 0.61519 0.317708 0.617722 0.320312 0.617722 0.333333 0.637975 0.333333 0.640506 0.335938 0.640506 0.338542 0.643038 0.341146 0.643038 0.348958 0.64557 0.351562 0.64557 0.361979 0.643038 0.364583 0.63038 0.364583 0.627848 0.361979 0.627848 0.356771 0.620253 0.356771 0.620253 0.372396 0.622785 0.375 0.622785 0.377604 0.625316 0.375 0.653165 0.375 0.658228 0.380208 0.663291 0.380208 0.663291 0.375 0.665823 0.372396 0.673418 0.372396 0.673418 0.369792 0.670886 0.369792 0.668354 0.367188 0.668354 0.354167 0.668354 0.364583 0.665823 0.367188 0.660759 0.367188 0.660759 0.372396 0.658228 0.375 0.648101 0.375 0.64557 0.372396 0.64557 0.359375 0.648101 0.356771 0.650633 0.356771 0.650633 0.354167 0.648101 0.354167 0.64557 0.351562 0.64557 0.338542 0.648101 0.335938 0.650633 0.335938 0.648101 0.335938 0.64557 0.333333 0.64557 0.322917 0.637975 0.322917 0.635443 0.320312 0.635443 0.315104 0.63038 0.315104 0.627848 0.3125 0.627848 0.302083 0.63038 0.299479 0.63038 0.294271
1 0.287342 0.317708 0.078481 0.078125 0.265823 0.278646 0.265823 0.283854 0.263291 0.286458 0.260759 0.286458 0.260759 0.294271 0.258228 0.296875 0.248101 0.296875 0.263291 0.296875 0.265823 0.299479 0.265823 0.315104 0.263291 0.317708 0.253165 0.317708 0.255696 0.320312 0.260759 0.320312 0.263291 0.322917 0.263291 0.335938 0.260759 0.338542 0.258228 0.338542 0.258228 0.341146 0.270886 0.341146 0.273418 0.34375 0.273418 0.354167 0.278481 0.354167 0.281013 0.351562 0.281013 0.34375 0.283544 0.341146 0.283544 0.335938 0.286076 0.333333 0.293671 0.333333 0.288608 0.333333 0.286076 0.330729 0.286076 0.322917 0.283544 0.322917 0.281013 0.325521 0.268354 0.325521 0.265823 0.322917 0.265823 0.304688 0.268354 0.302083 0.278481 0.302083 0.281013 0.304688 0.281013 0.307292 0.291139 0.307292 0.293671 0.309896 0.293671 0.317708 0.306329 0.317708 0.308861 0.320312 0.308861 0.322917 0.318987 0.322917 0.321519 0.325521 0.321519 0.341146 0.321519 0.325521 0.324051 0.322917 0.324051 0.317708 0.321519 0.317708 0.318987 0.315104 0.318987 0.3125 0.316456 0.309896 0.316456 0.3125 0.313924 0.315104 0.303797 0.315104 0.301266 0.3125 0.301266 0.309896 0.296203 0.309896 0.293671 0.307292 0.293671 0.296875 0.283544 0.296875 0.281013 0.294271 0.281013 0.289062 0.278481 0.289062 0.275949 0.286458 0.275949 0.28125 0.270886 0.28125 0.268354 0.278646
1 0.062025 0.322917 0.098734 0.109375 0.048101 0.268229 0.048101 0.270833 0.050633 0.273438 0.050633 0.286458 0.048101 0.289062 0.032911 0.289062 0.03038 0.286458 0.03038 0.28125 0.027848 0.28125 0.027848 0.289062 0.025316 0.291667 0.012658 0.291667 0.020253 0.291667 0.022785 0.294271 0.027848 0.294271 0.03038 0.291667 0.04557 0.291667 0.048101 0.294271 0.048101 0.304688 0.04557 0.307292 0.048101 0.307292 0.048101 0.302083 0.050633 0.299479 0.050633 0.296875 0.053165 0.294271 0.063291 0.294271 0.068354 0.299479 0.068354 0.3125 0.070886 0.309896 0.083544 0.309896 0.086076 0.3125 0.086076 0.322917 0.081013 0.328125 0.081013 0.330729 0.078481 0.333333 0.068354 0.333333 0.060759 0.325521 0.060759 0.315104 0.050633 0.315104 0.050633 0.320312 0.053165 0.320312 0.055696 0.322917 0.055696 0.333333 0.075949 0.333333 0.083544 0.341146 0.083544 0.351562 0.081013 0.354167 0.078481 0.354167 0.078481 0.361979 0.075949 0.364583 0.075949 0.372396 0.073418 0.375 0.075949 0.375 0.078481 0.372396 0.078481 0.367188 0.081013 0.364583 0.091139 0.364583 0.093671 0.367188 0.093671 0.369792 0.096203 0.372396 0.096203 0.361979 0.098734 0.359375 0.101266 0.359375 0.101266 0.356771 0.098734 0.354167 0.098734 0.34375 0.101266 0.341146 0.101266 0.338542 0.103797 0.335938 0.108861 0.335938 0.103797 0.330729 0.101266 0.330729 0.101266 0.338542 0.096203 0.34375 0.086076 0.34375 0.083544 0.341146 0.083544 0.328125 0.086076 0.325521 0.093671 0.325521 0.093671 0.322917 0.091139 0.322917 0.088608 0.320312 0.088608 0.309896 0.081013 0.309896 0.078481 0.307292 0.075949 0.307292 0.073418 0.304688 0.073418 0.296875 0.068354 0.296875 0.065823 0.294271 0.065823 0.28125 0.055696 0.28125 0.050633 0.276042 0.050633 0.273438 0.048101 0.270833
1 0.516456 0.240885 0.091139 0.059896 0.486076 0.210938 0.486076 0.216146 0.483544 0.21875 0.478481 0.21875 0.478481 0.226562 0.481013 0.226562 0.483544 0.229167 0.483544 0.239583 0.481013 0.242188 0.481013 0.244792 0.478481 0.247396 0.470886 0.247396 0.473418 0.247396 0.481013 0.255208 0.481013 0.260417 0.511392 0.260417 0.513924 0.257812 0.541772 0.257812 0.546835 0.263021 0.546835 0.268229 0.546835 0.260417 0.549367 0.257812 0.559494 0.257812 0.559494 0.229167 0.556962 0.229167 0.556962 0.231771 0.55443 0.234375 0.55443 0.236979 0.556962 0.236979 0.559494 0.239583 0.559494 0.252604 0.556962 0.255208 0.546835 0.255208 0.544304 0.252604 0.544304 0.247396 0.539241 0.252604 0.539241 0.255208 0.536709 0.257812 0.524051 0.257812 0.521519 0.255208 0.511392 0.255208 0.508861 0.252604 0.508861 0.239583 0.488608 0.239583 0.486076 0.236979 0.486076 0.234375 0.483544 0.231771 0.483544 0.221354 0.486076 0.21875 0.491139 0.21875 0.491139 0.216146
1 0.758228 0.257812 0.139241 0.109375 0.759494 0.203125 0.756962 0.205729 0.751899 0.205729 0.75443 0.208333 0.75443 0.21875 0.751899 0.221354 0.749367 0.221354 0.756962 0.221354 0.759494 0.223958 0.759494 0.234375 0.756962 0.236979 0.731646 0.236979 0.729114 0.239583 0.724051 0.239583 0.724051 0.244792 0.721519 0.247396 0.711392 0.247396 0.708861 0.244792 0.708861 0.234375 0.711392 0.231771 0.716456 0.231771 0.713924 0.229167 0.706329 0.229167 0.703797 0.226562 0.703797 0.21875 0.696203 0.226562 0.696203 0.234375 0.693671 0.236979 0.696203 0.236979 0.698734 0.239583 0.698734 0.252604 0.696203 0.255208 0.688608 0.255208 0.691139 0.257812 0.693671 0.257812 0.696203 0.260417 0.698734 0.260417 0.701266 0.263021 0.701266 0.273438 0.701266 0.270833 0.703797 0.268229 0.713924 0.268229 0.716456 0.270833 0.716456 0.28125 0.713924 0.283854 0.716456 0.286458 0.716456 0.294271 0.718987 0.296875 0.718987 0.307292 0.716456 0.309896 0.721519 0.304688 0.724051 0.304688 0.724051 0.294271 0.726582 0.291667 0.736709 0.291667 0.739241 0.294271 0.739241 0.296875 0.744304 0.302083 0.764557 0.302083 0.767089 0.304688 0.767089 0.307292 0.76962 0.309896 0.772152 0.307292 0.782278 0.307292 0.782278 0.302083 0.779747 0.299479 0.76962 0.299479 0.767089 0.296875 0.767089 0.286458 0.764557 0.286458 0.762025 0.283854 0.762025 0.270833 0.764557 0.268229 0.774684 0.268229 0.777215 0.270833 0.777215 0.28125 0.777215 0.273438 0.779747 0.270833 0.8 0.270833 0.8 0.255208 0.802532 0.252604 0.817722 0.252604 0.817722 0.244792 0.820253 0.242188 0.825316 0.242188 0.822785 0.239583 0.817722 0.239583 0.81519 0.236979 0.810127 0.236979 0.810127 0.242188 0.807595 0.244792 0.794937 0.244792 0.792405 0.242188 0.792405 0.231771 0.789873 0.229167 0.789873 0.239583 0.787342 0.242188 0.78481 0.242188 0.792405 0.242188 0.794937 0.244792 0.794937 0.263021 0.792405 0.265625 0.772152 0.265625 0.76962 0.263021 0.76962 0.255208 0.767089 0.255208 0.764557 0.252604 0.764557 0.239583 0.762025 0.239583 0.759494 0.236979 0.759494 0.226562 0.762025 0.223958 0.774684 0.223958 0.777215 0.226562 0.782278 0.226562 0.782278 0.216146 0.78481 0.213542 0.78481 0.208333 0.779747 0.208333 0.779747 0.216146 0.777215 0.21875 0.762025 0.21875 0.759494 0.216146
1 0.208861 0.174479 0.159494 0.098958 0.189873 0.125 0.187342 0.127604 0.179747 0.127604 0.179747 0.151042 0.177215 0.153646 0.156962 0.153646 0.15443 0.15625 0.156962 0.153646 0.16962 0.153646 0.172152 0.15625 0.172152 0.166667 0.16962 0.169271 0.162025 0.169271 0.162025 0.171875 0.159494 0.174479 0.146835 0.174479 0.144304 0.171875 0.144304 0.164062 0.144304 0.166667 0.141772 0.169271 0.131646 0.169271 0.129114 0.166667 0.129114 0.169271 0.136709 0.169271 0.139241 0.171875 0.144304 0.171875 0.146835 0.174479 0.146835 0.1875 0.144304 0.190104 0.139241 0.190104 0.141772 0.192708 0.144304 0.192708 0.146835 0.195312 0.146835 0.182292 0.149367 0.179688 0.151899 0.179688 0.151899 0.177083 0.15443 0.174479 0.164557 0.174479 0.167089 0.177083 0.167089 0.184896 0.179747 0.184896 0.182278 0.1875 0.182278 0.195312 0.182278 0.190104 0.18481 0.1875 0.194937 0.1875 0.197468 0.190104 0.197468 0.200521 0.194937 0.203125 0.187342 0.203125 0.187342 0.205729 0.197468 0.205729 0.2 0.208333 0.2 0.213542 0.207595 0.213542 0.212658 0.21875 0.227848 0.21875 0.23038 0.221354 0.243038 0.221354 0.24557 0.21875 0.24557 0.210938 0.248101 0.208333 0.24557 0.208333 0.24557 0.216146 0.243038 0.21875 0.232911 0.21875 0.23038 0.216146 0.227848 0.216146 0.225316 0.21875 0.212658 0.21875 0.210127 0.216146 0.210127 0.203125 0.212658 0.200521 0.21519 0.200521 0.217722 0.197917 0.217722 0.195312 0.220253 0.192708 0.240506 0.192708 0.243038 0.195312 0.243038 0.197917 0.243038 0.192708 0.24557 0.190104 0.250633 0.190104 0.253165 0.1875 0.268354 0.1875 0.270886 0.190104 0.273418 0.1875 0.275949 0.1875 0.286076 0.177083 0.283544 0.177083 0.281013 0.174479 0.273418 0.174479 0.270886 0.171875 0.270886 0.164062 0.263291 0.164062 0.260759 0.161458 0.260759 0.151042 0.258228 0.151042 0.258228 0.15625 0.260759 0.158854 0.260759 0.166667 0.268354 0.166667 0.270886 0.169271 0.270886 0.182292 0.268354 0.184896 0.258228 0.184896 0.255696 0.182292 0.255696 0.171875 0.248101 0.171875 0.243038 0.166667 0.243038 0.169271 0.240506 0.171875 0.23038 0.171875 0.227848 0.169271 0.220253 0.169271 0.217722 0.166667 0.217722 0.161458 0.21519 0.158854 0.21519 0.153646 0.207595 0.153646 0.205063 0.151042 0.205063 0.145833 0.197468 0.138021 0.194937 0.138021 0.192405 0.135417 0.192405 0.125
1 0.581013 0.174479 0.078481 0.109375 0.551899 0.119792 0.551899 0.122396 0.559494 0.122396 0.562025 0.125 0.562025 0.135417 0.556962 0.140625 0.544304 0.140625 0.541772 0.138021 0.541772 0.143229 0.544304 0.140625 0.562025 0.140625 0.564557 0.143229 0.564557 0.15625 0.56962 0.15625 0.572152 0.158854 0.572152 0.164062 0.58481 0.164062 0.587342 0.166667 0.592405 0.166667 0.594937 0.169271 0.594937 0.182292 0.592405 0.184896 0.582278 0.184896 0.587342 0.184896 0.589873 0.1875 0.589873 0.213542 0.587342 0.216146 0.577215 0.216146 0.574684 0.213542 0.574684 0.210938 0.574684 0.223958 0.579747 0.223958 0.579747 0.21875 0.582278 0.216146 0.592405 0.216146 0.597468 0.221354 0.6 0.221354 0.602532 0.223958 0.602532 0.226562 0.602532 0.221354 0.6 0.21875 0.597468 0.21875 0.592405 0.213542 0.592405 0.203125 0.594937 0.200521 0.612658 0.200521 0.61519 0.203125 0.61519 0.205729 0.617722 0.205729 0.617722 0.195312 0.61519 0.195312 0.61519 0.197917 0.612658 0.200521 0.6 0.200521 0.597468 0.197917 0.597468 0.164062 0.6 0.161458 0.597468 0.161458 0.594937 0.158854 0.594937 0.161458 0.592405 0.164062 0.582278 0.164062 0.579747 0.161458 0.579747 0.148438 0.582278 0.145833 0.589873 0.145833 0.582278 0.145833 0.579747 0.143229 0.579747 0.127604 0.564557 0.127604 0.562025 0.125 0.562025 0.122396 0.559494 0.119792
1 0.374684 0.113281 0.167089 0.143229 0.336709 0.041667 0.336709 0.046875 0.334177 0.049479 0.324051 0.049479 0.321519 0.046875 0.321519 0.044271 0.321519 0.049479 0.331646 0.049479 0.336709 0.054688 0.336709 0.072917 0.334177 0.075521 0.329114 0.075521 0.329114 0.078125 0.339241 0.078125 0.341772 0.080729 0.341772 0.091146 0.339241 0.09375 0.329114 0.09375 0.326582 0.091146 0.326582 0.083333 0.313924 0.083333 0.311392 0.085938 0.301266 0.085938 0.298734 0.083333 0.298734 0.080729 0.298734 0.091146 0.296203 0.09375 0.291139 0.09375 0.291139 0.101562 0.296203 0.101562 0.296203 0.096354 0.298734 0.09375 0.308861 0.09375 0.311392 0.096354 0.311392 0.111979 0.311392 0.106771 0.313924 0.104167 0.324051 0.104167 0.324051 0.096354 0.326582 0.09375 0.341772 0.09375 0.344304 0.096354 0.344304 0.101562 0.344304 0.085938 0.346835 0.083333 0.362025 0.083333 0.364557 0.085938 0.364557 0.096354 0.362025 0.098958 0.374684 0.098958 0.377215 0.101562 0.377215 0.106771 0.392405 0.106771 0.394937 0.109375 0.394937 0.119792 0.392405 0.122396 0.379747 0.122396 0.379747 0.125 0.382278 0.127604 0.382278 0.138021 0.379747 0.140625 0.379747 0.143229 0.382278 0.145833 0.382278 0.158854 0.387342 0.158854 0.389873 0.15625 0.392405 0.15625 0.394937 0.153646 0.412658 0.153646 0.41519 0.15625 0.41519 0.161458 0.417722 0.161458 0.420253 0.164062 0.420253 0.182292 0.420253 0.179688 0.422785 0.177083 0.435443 0.177083 0.432911 0.174479 0.427848 0.174479 0.425316 0.171875 0.425316 0.158854 0.427848 0.15625 0.43038 0.15625 0.43038 0.148438 0.432911 0.145833 0.432911 0.138021 0.435443 0.135417 0.450633 0.135417 0.453165 0.138021 0.453165 0.140625 0.455696 0.143229 0.455696 0.148438 0.455696 0.130208 0.448101 0.130208 0.44557 0.127604 0.44557 0.119792 0.443038 0.122396 0.443038 0.130208 0.440506 0.132812 0.417722 0.132812 0.417722 0.135417 0.41519 0.138021 0.410127 0.138021 0.41519 0.138021 0.417722 0.140625 0.417722 0.151042 0.41519 0.153646 0.4 0.153646 0.397468 0.151042 0.397468 0.143229 0.394937 0.145833 0.38481 0.145833 0.382278 0.143229 0.382278 0.132812 0.38481 0.130208 0.389873 0.130208 0.389873 0.127604 0.392405 0.125 0.397468 0.125 0.397468 0.122396 0.394937 0.119792 0.394937 0.109375 0.397468 0.106771 0.4 0.106771 0.4 0.104167 0.397468 0.104167 0.394937 0.106771 0.382278 0.106771 0.379747 0.104167 0.379747 0.091146 0.377215 0.091146 0.374684 0.088542 0.374684 0.067708 0.364557 0.067708 0.362025 0.065104 0.362025 0.057292 0.351899 0.057292 0.349367 0.059896 0.339241 0.059896 0.336709 0.057292
1 0.421519 0.057292 0.088608 0.078125 0.448101 0.018229 0.450633 0.020833 0.450633 0.03125 0.448101 0.033854 0.43038 0.033854 0.427848 0.03125 0.425316 0.03125 0.422785 0.028646 0.422785 0.026042 0.420253 0.026042 0.420253 0.028646 0.417722 0.03125 0.405063 0.03125 0.402532 0.028646 0.402532 0.03125 0.4 0.033854 0.387342 0.033854 0.38481 0.036458 0.382278 0.036458 0.382278 0.044271 0.379747 0.046875 0.377215 0.046875 0.377215 0.057292 0.377215 0.054688 0.379747 0.052083 0.389873 0.052083 0.394937 0.057292 0.394937 0.078125 0.392405 0.080729 0.389873 0.080729 0.397468 0.080729 0.402532 0.085938 0.402532 0.09375 0.405063 0.09375 0.405063 0.091146 0.402532 0.088542 0.402532 0.085938 0.4 0.083333 0.4 0.080729 0.397468 0.078125 0.397468 0.072917 0.394937 0.070312 0.394937 0.057292 0.397468 0.054688 0.412658 0.054688 0.417722 0.059896 0.417722 0.0625 0.417722 0.054688 0.397468 0.054688 0.394937 0.052083 0.394937 0.036458 0.397468 0.033854 0.41519 0.033854 0.417722 0.036458 0.425316 0.036458 0.427848 0.039062 0.427848 0.049479 0.43038 0.049479 0.435443 0.054688 0.435443 0.065104 0.432911 0.067708 0.432911 0.075521 0.435443 0.075521 0.435443 0.065104 0.437975 0.0625 0.443038 0.0625 0.443038 0.054688 0.44557 0.052083 0.432911 0.052083 0.43038 0.049479 0.43038 0.039062 0.432911 0.036458 0.44557 0.036458 0.448101 0.033854 0.453165 0.033854 0.455696 0.03125 0.463291 0.03125 0.455696 0.03125 0.453165 0.028646 0.453165 0.018229
1 0.544304 0.022135 0.111392 0.044271 0.534177 0.0 0.534177 0.002604 0.536709 0.005208 0.536709 0.015625 0.526582 0.026042 0.506329 0.026042 0.503797 0.023438 0.503797 0.015625 0.501266 0.018229 0.501266 0.020833 0.498734 0.023438 0.488608 0.023438 0.488608 0.026042 0.493671 0.03125 0.498734 0.03125 0.501266 0.033854 0.501266 0.036458 0.503797 0.036458 0.503797 0.028646 0.506329 0.026042 0.521519 0.026042 0.524051 0.028646 0.524051 0.039062 0.536709 0.039062 0.539241 0.041667 0.539241 0.039062 0.536709 0.036458 0.536709 0.023438 0.539241 0.020833 0.549367 0.020833 0.549367 0.005208 0.551899 0.002604 0.567089 0.002604 0.56962 0.005208 0.56962 0.013021 0.572152 0.015625 0.594937 0.015625 0.597468 0.018229 0.597468 0.036458 0.594937 0.039062 0.597468 0.039062 0.597468 0.018229 0.594937 0.015625 0.594937 0.0 0.594937 0.005208 0.592405 0.007812 0.574684 0.007812 0.572152 0.005208 0.572152 0.0