1 0.846831 0.941509 0.158451 0.116981 0.915493 0.883019 0.915493 0.886792 0.904930 0.898113 0.897887 0.898113 0.890845 0.890566 0.887324 0.894340 0.883803 0.894340 0.876761 0.886792 0.873239 0.886792 0.862676 0.898113 0.855634 0.898113 0.845070 0.886792 0.841549 0.890566 0.841549 0.898113 0.834507 0.905660 0.827465 0.905660 0.827465 0.909434 0.834507 0.909434 0.838028 0.905660 0.841549 0.905660 0.848592 0.913208 0.838028 0.924528 0.834507 0.924528 0.827465 0.932075 0.820423 0.932075 0.809859 0.920755 0.799296 0.932075 0.792254 0.932075 0.788732 0.928302 0.774648 0.928302 0.774648 0.932075 0.778169 0.932075 0.781690 0.935849 0.788732 0.935849 0.795775 0.943396 0.795775 0.954717 0.781690 0.969811 0.778169 0.969811 0.771127 0.977358 0.771127 0.984906 0.767606 0.988679 0.767606 0.992453 0.771127 0.996226 0.774648 0.996226 0.774648 0.988679 0.778169 0.984906 0.778169 0.977358 0.785211 0.969811 0.795775 0.969811 0.806338 0.958491 0.806338 0.954717 0.799296 0.947170 0.799296 0.943396 0.806338 0.935849 0.809859 0.939623 0.830986 0.939623 0.830986 0.935849 0.834507 0.932075 0.834507 0.928302 0.841549 0.920755 0.848592 0.920755 0.852113 0.916981 0.855634 0.916981 0.859155 0.913208 0.862676 0.913208 0.869718 0.920755 0.869718 0.924528 0.855634 0.939623 0.852113 0.939623 0.848592 0.935849 0.845070 0.939623 0.855634 0.950943 0.848592 0.958491 0.841549 0.958491 0.834507 0.966038 0.834507 0.969811 0.838028 0.969811 0.845070 0.962264 0.852113 0.962264 0.855634 0.958491 0.859155 0.958491 0.873239 0.943396 0.873239 0.928302 0.876761 0.924528 0.876761 0.920755 0.873239 0.920755 0.869718 0.916981 0.869718 0.905660 0.876761 0.898113 0.883803 0.898113 0.890845 0.905660 0.890845 0.913208 0.894366 0.913208 0.901408 0.905660 0.904930 0.905660 0.908451 0.901887 0.911972 0.901887 0.915493 0.905660 0.922535 0.905660 0.922535 0.901887 0.919014 0.901887 0.911972 0.894340 0.911972 0.890566 0.919014 0.883019
1 0.598592 0.932075 0.225352 0.135849 0.651408 0.864151 0.647887 0.867925 0.647887 0.886792 0.640845 0.894340 0.633803 0.894340 0.626761 0.886792 0.619718 0.894340 0.612676 0.894340 0.609155 0.898113 0.602113 0.890566 0.602113 0.879245 0.598592 0.875472 0.584507 0.890566 0.580986 0.890566 0.577465 0.894340 0.577465 0.905660 0.570423 0.913208 0.556338 0.898113 0.552817 0.898113 0.542254 0.886792 0.524648 0.886792 0.521127 0.890566 0.510563 0.890566 0.510563 0.894340 0.528169 0.894340 0.531690 0.898113 0.545775 0.898113 0.559859 0.913208 0.559859 0.916981 0.556338 0.920755 0.549296 0.920755 0.545775 0.916981 0.538732 0.916981 0.531690 0.924528 0.514085 0.924528 0.510563 0.928302 0.510563 0.932075 0.514085 0.932075 0.517606 0.928302 0.524648 0.928302 0.528169 0.932075 0.531690 0.932075 0.535211 0.935849 0.538732 0.935849 0.545775 0.928302 0.549296 0.928302 0.552817 0.924528 0.556338 0.924528 0.563380 0.932075 0.563380 0.939623 0.559859 0.943396 0.559859 0.958491 0.552817 0.966038 0.538732 0.966038 0.531690 0.958491 0.531690 0.950943 0.528169 0.947170 0.521127 0.954717 0.510563 0.954717 0.507042 0.950943 0.496479 0.950943 0.492958 0.947170 0.489437 0.947170 0.485915 0.950943 0.492958 0.958491 0.492958 0.969811 0.496479 0.973585 0.496479 0.996226 0.500000 0.996226 0.500000 0.988679 0.503521 0.984906 0.503521 0.977358 0.500000 0.973585 0.500000 0.969811 0.507042 0.962264 0.514085 0.962264 0.521127 0.969811 0.524648 0.969811 0.528169 0.966038 0.531690 0.966038 0.535211 0.969811 0.545775 0.969811 0.549296 0.973585 0.559859 0.973585 0.563380 0.977358 0.566901 0.977358 0.570423 0.973585 0.580986 0.973585 0.584507 0.977358 0.591549 0.977358 0.598592 0.984906 0.602113 0.984906 0.605634 0.981132 0.609155 0.981132 0.616197 0.988679 0.616197 0.992453 0.612676 0.996226 0.616197 0.996226 0.626761 0.984906 0.626761 0.966038 0.630282 0.962264 0.630282 0.954717 0.626761 0.950943 0.626761 0.947170 0.633803 0.939623 0.637324 0.939623 0.640845 0.935849 0.644366 0.935849 0.647887 0.932075 0.654930 0.932075 0.658451 0.935849 0.661972 0.932075 0.686620 0.932075 0.686620 0.928302 0.690141 0.924528 0.690141 0.909434 0.700704 0.898113 0.707746 0.898113 0.707746 0.890566 0.700704 0.883019 0.700704 0.879245 0.700704 0.883019 0.693662 0.890566 0.690141 0.890566 0.686620 0.894340 0.686620 0.898113 0.676056 0.909434 0.669014 0.909434 0.669014 0.913208 0.672535 0.916981 0.672535 0.920755 0.669014 0.924528 0.665493 0.924528 0.658451 0.932075 0.654930 0.932075 0.647887 0.924528 0.654930 0.916981 0.654930 0.909434 0.651408 0.905660 0.651408 0.898113 0.654930 0.894340 0.654930 0.890566 0.651408 0.886792 0.651408 0.883019 0.654930 0.879245 0.654930 0.867925 0.658451 0.864151
1 0.832746 0.750943 0.186620 0.060377 0.792254 0.720755 0.785211 0.728302 0.771127 0.728302 0.764085 0.735849 0.757042 0.735849 0.750000 0.743396 0.742958 0.743396 0.739437 0.747170 0.742958 0.750943 0.750000 0.743396 0.764085 0.743396 0.767606 0.739623 0.774648 0.739623 0.778169 0.735849 0.799296 0.735849 0.802817 0.732075 0.813380 0.732075 0.816901 0.735849 0.820423 0.735849 0.823944 0.739623 0.827465 0.739623 0.834507 0.747170 0.834507 0.750943 0.838028 0.754717 0.845070 0.754717 0.848592 0.750943 0.852113 0.750943 0.855634 0.747170 0.859155 0.747170 0.866197 0.754717 0.866197 0.766038 0.859155 0.773585 0.859155 0.777358 0.866197 0.769811 0.869718 0.769811 0.873239 0.766038 0.873239 0.758491 0.869718 0.754717 0.876761 0.747170 0.880282 0.750943 0.883803 0.750943 0.890845 0.758491 0.894366 0.758491 0.894366 0.747170 0.887324 0.747170 0.880282 0.739623 0.890845 0.728302 0.922535 0.728302 0.922535 0.724528 0.890845 0.724528 0.887324 0.728302 0.873239 0.728302 0.869718 0.732075 0.869718 0.735849 0.862676 0.743396 0.855634 0.743396 0.848592 0.750943 0.841549 0.743396 0.845070 0.739623 0.841549 0.735849 0.827465 0.735849 0.816901 0.724528 0.813380 0.728302 0.806338 0.728302 0.802817 0.724528 0.799296 0.724528 0.795775 0.720755
1 0.484155 0.803774 0.257042 0.173585 0.598592 0.716981 0.595070 0.720755 0.598592 0.724528 0.598592 0.728302 0.591549 0.735849 0.588028 0.735849 0.584507 0.732075 0.577465 0.732075 0.570423 0.739623 0.566901 0.739623 0.556338 0.750943 0.556338 0.754717 0.559859 0.758491 0.559859 0.769811 0.552817 0.777358 0.545775 0.777358 0.542254 0.781132 0.535211 0.781132 0.528169 0.773585 0.517606 0.773585 0.510563 0.766038 0.517606 0.758491 0.517606 0.754717 0.503521 0.739623 0.492958 0.750943 0.489437 0.750943 0.485915 0.754717 0.471831 0.754717 0.468310 0.750943 0.464789 0.754717 0.468310 0.758491 0.468310 0.766038 0.461268 0.773585 0.457746 0.773585 0.450704 0.781132 0.447183 0.781132 0.443662 0.777358 0.440141 0.781132 0.443662 0.784906 0.443662 0.788679 0.447183 0.792453 0.447183 0.796226 0.433099 0.811321 0.429577 0.811321 0.426056 0.815094 0.422535 0.811321 0.419014 0.811321 0.415493 0.807547 0.394366 0.830189 0.394366 0.833962 0.401408 0.833962 0.408451 0.841509 0.408451 0.849057 0.411972 0.849057 0.419014 0.856604 0.419014 0.860377 0.411972 0.867925 0.404930 0.867925 0.394366 0.856604 0.390845 0.856604 0.383803 0.864151 0.376761 0.864151 0.366197 0.852830 0.359155 0.852830 0.355634 0.856604 0.359155 0.860377 0.362676 0.860377 0.366197 0.864151 0.376761 0.864151 0.380282 0.867925 0.397887 0.867925 0.404930 0.875472 0.404930 0.879245 0.397887 0.886792 0.404930 0.886792 0.408451 0.883019 0.419014 0.883019 0.419014 0.871698 0.429577 0.860377 0.429577 0.856604 0.404930 0.830189 0.404930 0.822642 0.411972 0.815094 0.415493 0.815094 0.422535 0.822642 0.429577 0.822642 0.433099 0.818868 0.433099 0.815094 0.440141 0.807547 0.450704 0.807547 0.457746 0.800000 0.464789 0.800000 0.464789 0.796226 0.461268 0.796226 0.454225 0.788679 0.464789 0.777358 0.492958 0.777358 0.496479 0.781132 0.503521 0.781132 0.507042 0.777358 0.521127 0.777358 0.531690 0.788679 0.538732 0.788679 0.542254 0.784906 0.545775 0.784906 0.549296 0.781132 0.556338 0.781132 0.559859 0.784906 0.577465 0.784906 0.577465 0.781132 0.573944 0.781132 0.563380 0.769811 0.563380 0.750943 0.570423 0.743396 0.588028 0.743396 0.591549 0.747170 0.598592 0.747170 0.602113 0.743396 0.602113 0.739623 0.609155 0.732075 0.609155 0.720755 0.605634 0.716981
1 0.617958 0.701887 0.264085 0.233962 0.661972 0.584906 0.654930 0.592453 0.654930 0.603774 0.647887 0.611321 0.644366 0.611321 0.640845 0.615094 0.633803 0.615094 0.630282 0.611321 0.626761 0.611321 0.616197 0.622642 0.626761 0.633962 0.626761 0.637736 0.616197 0.649057 0.609155 0.649057 0.605634 0.645283 0.605634 0.641509 0.602113 0.637736 0.602113 0.630189 0.605634 0.626415 0.605634 0.622642 0.602113 0.622642 0.598592 0.626415 0.595070 0.626415 0.591549 0.630189 0.570423 0.630189 0.556338 0.615094 0.556338 0.607547 0.552817 0.603774 0.549296 0.607547 0.549296 0.611321 0.552817 0.615094 0.552817 0.618868 0.559859 0.626415 0.559859 0.630189 0.552817 0.637736 0.545775 0.637736 0.538732 0.630189 0.538732 0.626415 0.535211 0.622642 0.535211 0.607547 0.538732 0.603774 0.538732 0.600000 0.535211 0.600000 0.528169 0.592453 0.524648 0.592453 0.521127 0.596226 0.514085 0.596226 0.510563 0.600000 0.514085 0.603774 0.524648 0.603774 0.531690 0.611321 0.521127 0.622642 0.510563 0.622642 0.503521 0.615094 0.489437 0.630189 0.485915 0.630189 0.485915 0.633962 0.489437 0.637736 0.492958 0.637736 0.496479 0.633962 0.500000 0.633962 0.503521 0.630189 0.507042 0.630189 0.514085 0.637736 0.514085 0.641509 0.510563 0.645283 0.510563 0.652830 0.514085 0.652830 0.514085 0.649057 0.521127 0.641509 0.528169 0.649057 0.535211 0.649057 0.542254 0.641509 0.545775 0.645283 0.556338 0.645283 0.563380 0.652830 0.563380 0.656604 0.542254 0.679245 0.538732 0.679245 0.535211 0.675472 0.531690 0.675472 0.521127 0.686792 0.521127 0.690566 0.524648 0.694340 0.531690 0.694340 0.538732 0.686792 0.545775 0.694340 0.545775 0.701887 0.538732 0.709434 0.535211 0.709434 0.531690 0.705660 0.524648 0.705660 0.521127 0.709434 0.510563 0.709434 0.503521 0.701887 0.500000 0.705660 0.500000 0.709434 0.507042 0.716981 0.510563 0.716981 0.514085 0.713208 0.538732 0.713208 0.542254 0.709434 0.545775 0.709434 0.552817 0.716981 0.549296 0.720755 0.552817 0.724528 0.559859 0.724528 0.559859 0.720755 0.552817 0.713208 0.552817 0.709434 0.559859 0.701887 0.566901 0.701887 0.577465 0.713208 0.577465 0.720755 0.584507 0.720755 0.584507 0.716981 0.580986 0.713208 0.580986 0.709434 0.588028 0.701887 0.602113 0.701887 0.616197 0.686792 0.619718 0.686792 0.626761 0.679245 0.637324 0.679245 0.644366 0.686792 0.644366 0.690566 0.630282 0.705660 0.623239 0.705660 0.619718 0.709434 0.623239 0.713208 0.626761 0.709434 0.630282 0.709434 0.633803 0.705660 0.640845 0.705660 0.647887 0.713208 0.647887 0.716981 0.640845 0.724528 0.630282 0.724528 0.626761 0.728302 0.626761 0.732075 0.637324 0.732075 0.644366 0.739623 0.647887 0.739623 0.654930 0.747170 0.654930 0.750943 0.651408 0.754717 0.651408 0.758491 0.640845 0.769811 0.630282 0.769811 0.626761 0.766038 0.626761 0.758491 0.633803 0.750943 0.633803 0.747170 0.630282 0.747170 0.623239 0.754717 0.623239 0.766038 0.616197 0.773585 0.616197 0.777358 0.626761 0.777358 0.630282 0.781132 0.640845 0.781132 0.647887 0.788679 0.647887 0.792453 0.651408 0.792453 0.647887 0.788679 0.647887 0.781132 0.651408 0.777358 0.658451 0.777358 0.665493 0.784906 0.665493 0.792453 0.661972 0.796226 0.661972 0.811321 0.665493 0.815094 0.672535 0.815094 0.676056 0.811321 0.679577 0.811321 0.683099 0.807547 0.686620 0.807547 0.704225 0.788679 0.714789 0.788679 0.721831 0.796226 0.721831 0.803774 0.725352 0.803774 0.725352 0.792453 0.718310 0.784906 0.718310 0.777358 0.721831 0.773585 0.718310 0.773585 0.714789 0.777358 0.711268 0.777358 0.707746 0.781132 0.704225 0.781132 0.697183 0.773585 0.697183 0.769811 0.704225 0.762264 0.707746 0.762264 0.711268 0.758491 0.711268 0.754717 0.707746 0.754717 0.697183 0.743396 0.697183 0.724528 0.704225 0.716981 0.704225 0.713208 0.721831 0.694340 0.742958 0.694340 0.742958 0.690566 0.746479 0.686792 0.746479 0.683019 0.742958 0.679245 0.742958 0.671698 0.735915 0.664151 0.728873 0.664151 0.725352 0.667925 0.735915 0.679245 0.735915 0.683019 0.728873 0.690566 0.714789 0.690566 0.700704 0.705660 0.700704 0.713208 0.690141 0.724528 0.690141 0.750943 0.683099 0.758491 0.683099 0.762264 0.690141 0.769811 0.690141 0.777358 0.683099 0.784906 0.683099 0.788679 0.686620 0.792453 0.686620 0.796226 0.679577 0.803774 0.676056 0.803774 0.669014 0.796226 0.669014 0.788679 0.672535 0.784906 0.672535 0.781132 0.669014 0.777358 0.669014 0.766038 0.665493 0.762264 0.665493 0.758491 0.669014 0.754717 0.669014 0.750943 0.672535 0.747170 0.669014 0.743396 0.665493 0.743396 0.654930 0.732075 0.654930 0.728302 0.658451 0.724528 0.658451 0.720755 0.654930 0.716981 0.654930 0.709434 0.658451 0.705660 0.658451 0.701887 0.651408 0.694340 0.651408 0.660377 0.661972 0.649057 0.665493 0.649057 0.676056 0.660377 0.676056 0.679245 0.679577 0.683019 0.679577 0.694340 0.672535 0.701887 0.672535 0.705660 0.676056 0.709434 0.676056 0.716981 0.679577 0.716981 0.683099 0.713208 0.683099 0.705660 0.686620 0.701887 0.686620 0.694340 0.690141 0.690566 0.690141 0.686792 0.683099 0.679245 0.683099 0.671698 0.679577 0.667925 0.679577 0.652830 0.683099 0.649057 0.683099 0.645283 0.697183 0.630189 0.700704 0.630189 0.704225 0.633962 0.707746 0.633962 0.714789 0.641509 0.718310 0.641509 0.721831 0.637736 0.728873 0.637736 0.732394 0.641509 0.739437 0.641509 0.739437 0.633962 0.735915 0.630189 0.735915 0.622642 0.742958 0.615094 0.742958 0.611321 0.739437 0.607547 0.735915 0.607547 0.732394 0.611321 0.732394 0.622642 0.725352 0.630189 0.714789 0.630189 0.704225 0.618868 0.700704 0.618868 0.690141 0.630189 0.686620 0.630189 0.679577 0.637736 0.672535 0.637736 0.669014 0.633962 0.665493 0.637736 0.665493 0.641509 0.658451 0.649057 0.647887 0.649057 0.644366 0.645283 0.637324 0.645283 0.633803 0.649057 0.630282 0.645283 0.630282 0.641509 0.651408 0.618868 0.658451 0.618868 0.661972 0.615094 0.665493 0.615094 0.669014 0.618868 0.683099 0.618868 0.683099 0.615094 0.676056 0.615094 0.665493 0.603774 0.672535 0.596226 0.690141 0.596226 0.697183 0.603774 0.700704 0.603774 0.704225 0.607547 0.711268 0.607547 0.711268 0.603774 0.707746 0.603774 0.704225 0.600000 0.700704 0.600000 0.697183 0.596226 0.690141 0.596226 0.686620 0.592453 0.672535 0.592453 0.665493 0.584906
1 0.126761 0.701887 0.147887 0.286792 0.080986 0.558491 0.070423 0.569811 0.070423 0.573585 0.073944 0.577358 0.073944 0.588679 0.063380 0.600000 0.056338 0.600000 0.052817 0.603774 0.059859 0.611321 0.059859 0.618868 0.052817 0.626415 0.056338 0.630189 0.063380 0.630189 0.066901 0.626415 0.066901 0.611321 0.063380 0.607547 0.070423 0.600000 0.073944 0.600000 0.077465 0.603774 0.091549 0.603774 0.095070 0.607547 0.095070 0.618868 0.102113 0.626415 0.102113 0.630189 0.105634 0.633962 0.105634 0.641509 0.102113 0.645283 0.102113 0.649057 0.105634 0.652830 0.105634 0.660377 0.109155 0.664151 0.109155 0.675472 0.105634 0.679245 0.105634 0.713208 0.098592 0.720755 0.095070 0.720755 0.095070 0.724528 0.098592 0.724528 0.102113 0.720755 0.105634 0.720755 0.112676 0.728302 0.112676 0.732075 0.109155 0.735849 0.109155 0.743396 0.105634 0.747170 0.105634 0.750943 0.112676 0.758491 0.112676 0.769811 0.109155 0.773585 0.109155 0.777358 0.112676 0.781132 0.112676 0.796226 0.116197 0.800000 0.116197 0.811321 0.112676 0.815094 0.112676 0.826415 0.109155 0.830189 0.109155 0.837736 0.112676 0.841509 0.126761 0.841509 0.126761 0.837736 0.123239 0.833962 0.123239 0.826415 0.126761 0.822642 0.126761 0.811321 0.130282 0.807547 0.130282 0.800000 0.133803 0.796226 0.133803 0.784906 0.140845 0.777358 0.147887 0.777358 0.151408 0.781132 0.151408 0.788679 0.144366 0.796226 0.147887 0.800000 0.154930 0.792453 0.158451 0.792453 0.165493 0.784906 0.169014 0.784906 0.172535 0.781132 0.176056 0.781132 0.186620 0.769811 0.193662 0.769811 0.197183 0.766038 0.197183 0.762264 0.190141 0.754717 0.186620 0.754717 0.179577 0.762264 0.179577 0.769811 0.169014 0.781132 0.161972 0.781132 0.154930 0.773585 0.154930 0.766038 0.158451 0.762264 0.147887 0.762264 0.140845 0.769811 0.137324 0.769811 0.126761 0.758491 0.123239 0.758491 0.116197 0.750943 0.116197 0.747170 0.123239 0.739623 0.130282 0.747170 0.144366 0.747170 0.151408 0.739623 0.161972 0.739623 0.169014 0.732075 0.169014 0.728302 0.165493 0.724528 0.147887 0.743396 0.140845 0.743396 0.137324 0.739623 0.133803 0.739623 0.126761 0.732075 0.126761 0.716981 0.123239 0.713208 0.123239 0.709434 0.126761 0.705660 0.126761 0.694340 0.130282 0.690566 0.119718 0.690566 0.112676 0.683019 0.112676 0.671698 0.109155 0.667925 0.109155 0.660377 0.112676 0.656604 0.112676 0.645283 0.119718 0.637736 0.126761 0.645283 0.126761 0.649057 0.123239 0.652830 0.126761 0.656604 0.137324 0.656604 0.137324 0.652830 0.130282 0.645283 0.130282 0.641509 0.137324 0.633962 0.137324 0.630189 0.133803 0.626415 0.126761 0.626415 0.119718 0.633962 0.116197 0.633962 0.105634 0.622642 0.105634 0.611321 0.109155 0.607547 0.109155 0.603774 0.105634 0.600000 0.105634 0.596226 0.112676 0.588679 0.123239 0.588679 0.130282 0.596226 0.133803 0.596226 0.140845 0.588679 0.147887 0.596226 0.147887 0.600000 0.151408 0.603774 0.151408 0.607547 0.144366 0.615094 0.147887 0.618868 0.165493 0.618868 0.165493 0.615094 0.158451 0.607547 0.169014 0.596226 0.169014 0.592453 0.165493 0.592453 0.158451 0.600000 0.154930 0.600000 0.147887 0.592453 0.147887 0.584906 0.144366 0.581132 0.140845 0.581132 0.137324 0.584906 0.130282 0.577358 0.130282 0.573585 0.126761 0.569811 0.116197 0.581132 0.112676 0.577358 0.109155 0.577358 0.102113 0.569811 0.102113 0.566038 0.098592 0.562264 0.095070 0.566038 0.098592 0.569811 0.098592 0.573585 0.091549 0.581132 0.091549 0.584906 0.095070 0.588679 0.095070 0.596226 0.091549 0.600000 0.084507 0.600000 0.077465 0.592453 0.077465 0.577358 0.080986 0.573585 0.080986 0.566038 0.084507 0.562264 0.084507 0.558491
1 0.642606 0.526415 0.144366 0.162264 0.633803 0.445283 0.630282 0.449057 0.630282 0.452830 0.612676 0.471698 0.595070 0.471698 0.591549 0.467925 0.588028 0.467925 0.584507 0.471698 0.588028 0.475472 0.591549 0.475472 0.598592 0.483019 0.598592 0.494340 0.602113 0.498113 0.602113 0.501887 0.595070 0.509434 0.595070 0.513208 0.605634 0.524528 0.605634 0.532075 0.598592 0.539623 0.595070 0.539623 0.591549 0.535849 0.588028 0.535849 0.580986 0.528302 0.580986 0.494340 0.577465 0.494340 0.573944 0.498113 0.573944 0.516981 0.570423 0.520755 0.570423 0.524528 0.573944 0.528302 0.573944 0.535849 0.570423 0.539623 0.570423 0.543396 0.573944 0.543396 0.580986 0.535849 0.584507 0.535849 0.591549 0.543396 0.602113 0.543396 0.605634 0.539623 0.609155 0.539623 0.612676 0.543396 0.612676 0.550943 0.609155 0.554717 0.609155 0.558491 0.605634 0.562264 0.605634 0.566038 0.609155 0.569811 0.612676 0.566038 0.623239 0.566038 0.626761 0.562264 0.630282 0.562264 0.633803 0.566038 0.637324 0.566038 0.640845 0.562264 0.640845 0.550943 0.647887 0.543396 0.658451 0.554717 0.658451 0.562264 0.651408 0.569811 0.647887 0.569811 0.637324 0.581132 0.619718 0.581132 0.616197 0.584906 0.605634 0.584906 0.598592 0.592453 0.595070 0.592453 0.591549 0.596226 0.591549 0.600000 0.598592 0.600000 0.602113 0.603774 0.605634 0.603774 0.605634 0.596226 0.612676 0.588679 0.616197 0.588679 0.619718 0.584906 0.623239 0.584906 0.630282 0.592453 0.630282 0.596226 0.633803 0.592453 0.637324 0.592453 0.644366 0.584906 0.644366 0.581132 0.651408 0.573585 0.690141 0.573585 0.697183 0.581132 0.711268 0.581132 0.711268 0.577358 0.697183 0.562264 0.672535 0.562264 0.669014 0.566038 0.661972 0.558491 0.665493 0.554717 0.665493 0.550943 0.661972 0.550943 0.654930 0.543396 0.654930 0.539623 0.651408 0.535849 0.651408 0.532075 0.647887 0.528302 0.644366 0.528302 0.637324 0.520755 0.644366 0.513208 0.647887 0.513208 0.651408 0.516981 0.658451 0.516981 0.665493 0.524528 0.676056 0.524528 0.683099 0.532075 0.686620 0.532075 0.690141 0.528302 0.700704 0.528302 0.700704 0.520755 0.676056 0.520755 0.669014 0.513208 0.665493 0.513208 0.654930 0.501887 0.651408 0.501887 0.647887 0.498113 0.640845 0.498113 0.637324 0.501887 0.637324 0.513208 0.630282 0.520755 0.623239 0.520755 0.619718 0.516981 0.609155 0.516981 0.605634 0.513208 0.605634 0.509434 0.612676 0.501887 0.619718 0.501887 0.623239 0.498113 0.626761 0.498113 0.630282 0.494340 0.630282 0.490566 0.626761 0.486792 0.623239 0.486792 0.616197 0.494340 0.612676 0.494340 0.605634 0.486792 0.605634 0.483019 0.612676 0.475472 0.626761 0.475472 0.630282 0.471698 0.637324 0.471698 0.640845 0.467925 0.647887 0.475472 0.644366 0.479245 0.644366 0.483019 0.647887 0.483019 0.651408 0.479245 0.651408 0.475472 0.654930 0.471698 0.661972 0.471698 0.665493 0.475472 0.665493 0.471698 0.658451 0.471698 0.647887 0.460377 0.647887 0.449057 0.640845 0.449057 0.637324 0.445283
1 0.369718 0.418868 0.147887 0.060377 0.348592 0.388679 0.330986 0.407547 0.323944 0.407547 0.316901 0.400000 0.316901 0.396226 0.320423 0.392453 0.316901 0.392453 0.313380 0.396226 0.302817 0.396226 0.299296 0.392453 0.295775 0.392453 0.295775 0.396226 0.302817 0.396226 0.320423 0.415094 0.327465 0.415094 0.330986 0.411321 0.334507 0.411321 0.341549 0.403774 0.345070 0.403774 0.352113 0.411321 0.352113 0.430189 0.355634 0.430189 0.362676 0.422642 0.373239 0.422642 0.387324 0.437736 0.411972 0.437736 0.419014 0.445283 0.422535 0.445283 0.426056 0.441509 0.433099 0.441509 0.436620 0.437736 0.440141 0.437736 0.436620 0.433962 0.433099 0.433962 0.429577 0.437736 0.422535 0.437736 0.419014 0.433962 0.408451 0.433962 0.401408 0.426415 0.404930 0.422642 0.404930 0.418868 0.401408 0.418868 0.390845 0.430189 0.387324 0.430189 0.376761 0.418868 0.376761 0.415094 0.373239 0.411321 0.369718 0.411321 0.366197 0.415094 0.359155 0.415094 0.355634 0.411321 0.355634 0.396226 0.359155 0.392453 0.359155 0.388679
1 0.875000 0.456604 0.151408 0.203774 0.852113 0.354717 0.845070 0.362264 0.845070 0.381132 0.838028 0.388679 0.838028 0.392453 0.841549 0.396226 0.845070 0.396226 0.852113 0.403774 0.852113 0.426415 0.845070 0.433962 0.834507 0.433962 0.823944 0.422642 0.823944 0.418868 0.827465 0.415094 0.823944 0.415094 0.820423 0.418868 0.820423 0.426415 0.813380 0.433962 0.809859 0.433962 0.806338 0.430189 0.799296 0.430189 0.799296 0.433962 0.802817 0.437736 0.813380 0.437736 0.816901 0.433962 0.827465 0.433962 0.841549 0.449057 0.841549 0.452830 0.834507 0.460377 0.834507 0.464151 0.845070 0.475472 0.848592 0.475472 0.852113 0.471698 0.859155 0.471698 0.866197 0.479245 0.866197 0.483019 0.862676 0.486792 0.862676 0.490566 0.880282 0.490566 0.887324 0.498113 0.887324 0.501887 0.876761 0.513208 0.869718 0.513208 0.869718 0.516981 0.883803 0.516981 0.887324 0.513208 0.890845 0.513208 0.901408 0.524528 0.901408 0.528302 0.894366 0.535849 0.890845 0.532075 0.887324 0.532075 0.873239 0.547170 0.873239 0.550943 0.876761 0.554717 0.883803 0.554717 0.883803 0.550943 0.890845 0.543396 0.894366 0.543396 0.901408 0.550943 0.908451 0.550943 0.911972 0.547170 0.911972 0.543396 0.908451 0.539623 0.908451 0.535849 0.904930 0.532075 0.911972 0.524528 0.915493 0.528302 0.922535 0.528302 0.922535 0.513208 0.929577 0.505660 0.936620 0.513208 0.936620 0.516981 0.940141 0.520755 0.940141 0.528302 0.947183 0.528302 0.947183 0.520755 0.943662 0.516981 0.943662 0.513208 0.933099 0.501887 0.926056 0.501887 0.911972 0.486792 0.908451 0.486792 0.897887 0.498113 0.890845 0.498113 0.887324 0.494340 0.887324 0.486792 0.890845 0.483019 0.890845 0.479245 0.897887 0.471698 0.915493 0.471698 0.919014 0.475472 0.922535 0.475472 0.926056 0.479245 0.943662 0.479245 0.943662 0.475472 0.940141 0.471698 0.929577 0.471698 0.926056 0.467925 0.926056 0.464151 0.922535 0.460377 0.919014 0.460377 0.911972 0.467925 0.894366 0.467925 0.890845 0.471698 0.890845 0.475472 0.883803 0.483019 0.876761 0.483019 0.869718 0.475472 0.869718 0.471698 0.866197 0.467925 0.866197 0.456604 0.880282 0.441509 0.887324 0.441509 0.890845 0.445283 0.897887 0.445283 0.904930 0.452830 0.908451 0.452830 0.908451 0.449057 0.901408 0.441509 0.901408 0.437736 0.915493 0.422642 0.915493 0.418868 0.911972 0.415094 0.908451 0.415094 0.904930 0.411321 0.894366 0.411321 0.890845 0.415094 0.887324 0.415094 0.880282 0.422642 0.880282 0.433962 0.873239 0.441509 0.869718 0.441509 0.866197 0.445283 0.862676 0.445283 0.855634 0.437736 0.855634 0.400000 0.845070 0.388679 0.845070 0.381132 0.848592 0.377358 0.848592 0.366038 0.855634 0.358491
1 0.966549 0.486792 0.066901 0.271698 0.936620 0.350943 0.933099 0.354717 0.936620 0.358491 0.947183 0.358491 0.954225 0.366038 0.954225 0.369811 0.947183 0.377358 0.954225 0.384906 0.954225 0.396226 0.950704 0.400000 0.964789 0.415094 0.964789 0.418868 0.957746 0.426415 0.950704 0.426415 0.943662 0.418868 0.933099 0.430189 0.933099 0.437736 0.940141 0.445283 0.940141 0.449057 0.947183 0.456604 0.964789 0.456604 0.968310 0.460377 0.968310 0.483019 0.971831 0.486792 0.971831 0.494340 0.968310 0.498113 0.968310 0.501887 0.961268 0.509434 0.961268 0.516981 0.968310 0.524528 0.968310 0.528302 0.961268 0.535849 0.961268 0.547170 0.978873 0.566038 0.978873 0.584906 0.989437 0.596226 0.971831 0.615094 0.968310 0.615094 0.968310 0.618868 0.971831 0.618868 0.975352 0.615094 0.978873 0.615094 0.982394 0.611321 0.989437 0.611321 0.992958 0.607547 0.992958 0.603774 0.996479 0.600000 0.996479 0.573585 0.992958 0.569811 0.985915 0.569811 0.978873 0.562264 0.978873 0.550943 0.975352 0.547170 0.975352 0.516981 0.982394 0.509434 0.992958 0.509434 0.992958 0.501887 0.989437 0.498113 0.985915 0.501887 0.982394 0.501887 0.975352 0.494340 0.982394 0.486792 0.992958 0.486792 0.996479 0.483019 0.996479 0.467925 0.992958 0.467925 0.982394 0.479245 0.975352 0.471698 0.975352 0.456604 0.982394 0.449057 0.989437 0.449057 0.992958 0.452830 0.996479 0.452830 0.996479 0.445283 0.992958 0.441509 0.985915 0.441509 0.982394 0.445283 0.975352 0.445283 0.968310 0.452830 0.964789 0.452830 0.957746 0.445283 0.957746 0.433962 0.964789 0.426415 0.971831 0.433962 0.975352 0.433962 0.996479 0.411321 0.996479 0.403774 0.992958 0.403774 0.989437 0.407547 0.989437 0.415094 0.982394 0.422642 0.978873 0.422642 0.961268 0.403774 0.961268 0.384906 0.978873 0.366038 0.978873 0.362264 0.982394 0.358491 0.982394 0.354717 0.978873 0.350943 0.971831 0.350943 0.968310 0.354717 0.954225 0.354717 0.950704 0.350943
1 0.572183 0.267925 0.250000 0.098113 0.669014 0.218868 0.661972 0.226415 0.654930 0.226415 0.651408 0.222642 0.647887 0.222642 0.640845 0.230189 0.640845 0.233962 0.644366 0.233962 0.651408 0.226415 0.654930 0.226415 0.661972 0.233962 0.661972 0.237736 0.654930 0.245283 0.640845 0.245283 0.637324 0.249057 0.633803 0.249057 0.623239 0.237736 0.616197 0.245283 0.609155 0.245283 0.605634 0.249057 0.605634 0.252830 0.609155 0.256604 0.612676 0.252830 0.637324 0.252830 0.644366 0.260377 0.637324 0.267925 0.633803 0.267925 0.630282 0.264151 0.626761 0.264151 0.619718 0.271698 0.605634 0.271698 0.602113 0.275472 0.598592 0.275472 0.588028 0.264151 0.588028 0.256604 0.584507 0.252830 0.577465 0.252830 0.559859 0.271698 0.552817 0.271698 0.545775 0.264151 0.542254 0.264151 0.535211 0.271698 0.528169 0.271698 0.524648 0.275472 0.510563 0.275472 0.503521 0.267925 0.503521 0.264151 0.514085 0.252830 0.528169 0.252830 0.531690 0.249057 0.535211 0.249057 0.538732 0.245283 0.538732 0.241509 0.528169 0.241509 0.521127 0.249057 0.517606 0.245283 0.514085 0.245283 0.510563 0.241509 0.507042 0.241509 0.503521 0.245283 0.503521 0.252830 0.500000 0.256604 0.471831 0.256604 0.461268 0.267925 0.450704 0.267925 0.447183 0.271698 0.447183 0.275472 0.454225 0.275472 0.457746 0.271698 0.461268 0.271698 0.468310 0.279245 0.482394 0.279245 0.482394 0.267925 0.489437 0.260377 0.492958 0.264151 0.496479 0.264151 0.503521 0.271698 0.503521 0.275472 0.514085 0.286792 0.517606 0.286792 0.528169 0.275472 0.559859 0.275472 0.563380 0.279245 0.563380 0.286792 0.556338 0.294340 0.538732 0.294340 0.535211 0.290566 0.531690 0.290566 0.528169 0.294340 0.528169 0.301887 0.524648 0.305660 0.524648 0.309434 0.528169 0.313208 0.542254 0.298113 0.559859 0.298113 0.563380 0.294340 0.570423 0.294340 0.573944 0.290566 0.573944 0.286792 0.570423 0.283019 0.570423 0.267925 0.577465 0.260377 0.580986 0.260377 0.588028 0.267925 0.588028 0.271698 0.584507 0.275472 0.584507 0.279245 0.588028 0.283019 0.591549 0.279245 0.602113 0.279245 0.605634 0.283019 0.612676 0.283019 0.619718 0.275472 0.633803 0.275472 0.637324 0.271698 0.647887 0.271698 0.651408 0.267925 0.651408 0.260377 0.665493 0.245283 0.665493 0.241509 0.676056 0.230189 0.693662 0.230189 0.693662 0.226415 0.690141 0.222642 0.679577 0.222642 0.676056 0.218868
1 0.367958 0.154717 0.144366 0.060377 0.320423 0.124528 0.309859 0.135849 0.309859 0.139623 0.302817 0.147170 0.302817 0.150943 0.306338 0.154717 0.306338 0.162264 0.309859 0.166038 0.309859 0.169811 0.306338 0.173585 0.295775 0.173585 0.295775 0.177358 0.299296 0.181132 0.306338 0.181132 0.313380 0.173585 0.316901 0.173585 0.320423 0.177358 0.334507 0.177358 0.341549 0.169811 0.345070 0.173585 0.348592 0.173585 0.352113 0.169811 0.359155 0.169811 0.369718 0.181132 0.376761 0.181132 0.380282 0.177358 0.390845 0.177358 0.404930 0.162264 0.411972 0.162264 0.415493 0.166038 0.422535 0.166038 0.429577 0.158491 0.436620 0.158491 0.436620 0.150943 0.433099 0.150943 0.426056 0.158491 0.415493 0.158491 0.408451 0.150943 0.397887 0.150943 0.394366 0.154717 0.394366 0.166038 0.387324 0.173585 0.376761 0.173585 0.369718 0.166038 0.369718 0.162264 0.376761 0.154717 0.380282 0.154717 0.380282 0.150943 0.376761 0.147170 0.366197 0.147170 0.362676 0.150943 0.362676 0.158491 0.359155 0.162264 0.341549 0.162264 0.334507 0.169811 0.320423 0.169811 0.306338 0.154717 0.306338 0.150943 0.313380 0.143396 0.316901 0.143396 0.320423 0.139623 0.320423 0.132075 0.323944 0.128302
1 0.283451 0.392453 0.369718 0.784906 0.126761 0.000000 0.126761 0.003774 0.116197 0.015094 0.116197 0.018868 0.119718 0.018868 0.123239 0.022642 0.126761 0.022642 0.133803 0.030189 0.133803 0.033962 0.130282 0.037736 0.133803 0.041509 0.137324 0.041509 0.144366 0.049057 0.133803 0.060377 0.133803 0.064151 0.137324 0.064151 0.144366 0.071698 0.144366 0.075472 0.133803 0.086792 0.137324 0.090566 0.137324 0.094340 0.140845 0.098113 0.140845 0.105660 0.137324 0.109434 0.137324 0.132075 0.126761 0.143396 0.112676 0.143396 0.109155 0.139623 0.105634 0.139623 0.102113 0.143396 0.105634 0.147170 0.123239 0.147170 0.126761 0.143396 0.133803 0.143396 0.137324 0.147170 0.137324 0.154717 0.133803 0.158491 0.133803 0.162264 0.119718 0.177358 0.116197 0.177358 0.112676 0.173585 0.098592 0.173585 0.098592 0.177358 0.119718 0.177358 0.123239 0.181132 0.126761 0.181132 0.133803 0.188679 0.133803 0.200000 0.130282 0.203774 0.130282 0.207547 0.123239 0.215094 0.119718 0.215094 0.112676 0.207547 0.112676 0.200000 0.109155 0.196226 0.105634 0.200000 0.105634 0.207547 0.109155 0.211321 0.109155 0.215094 0.112676 0.218868 0.116197 0.218868 0.119718 0.222642 0.126761 0.222642 0.133803 0.215094 0.137324 0.215094 0.147887 0.226415 0.147887 0.233962 0.151408 0.237736 0.151408 0.241509 0.147887 0.245283 0.147887 0.260377 0.140845 0.267925 0.140845 0.271698 0.133803 0.279245 0.133803 0.283019 0.140845 0.283019 0.140845 0.279245 0.147887 0.271698 0.151408 0.271698 0.158451 0.279245 0.158451 0.283019 0.151408 0.290566 0.151408 0.298113 0.147887 0.301887 0.147887 0.313208 0.144366 0.316981 0.147887 0.320755 0.172535 0.320755 0.179577 0.328302 0.179577 0.332075 0.183099 0.335849 0.183099 0.339623 0.186620 0.343396 0.186620 0.362264 0.190141 0.366038 0.190141 0.369811 0.179577 0.381132 0.176056 0.381132 0.161972 0.396226 0.158451 0.396226 0.154930 0.392453 0.151408 0.392453 0.147887 0.388679 0.144366 0.392453 0.151408 0.400000 0.151408 0.411321 0.154930 0.415094 0.158451 0.415094 0.176056 0.433962 0.176056 0.437736 0.179577 0.441509 0.200704 0.441509 0.207746 0.449057 0.207746 0.452830 0.214789 0.460377 0.214789 0.464151 0.218310 0.467925 0.221831 0.467925 0.225352 0.471698 0.228873 0.471698 0.239437 0.483019 0.239437 0.490566 0.225352 0.505660 0.221831 0.505660 0.214789 0.513208 0.218310 0.516981 0.225352 0.509434 0.228873 0.509434 0.239437 0.520755 0.239437 0.524528 0.228873 0.535849 0.228873 0.539623 0.235915 0.539623 0.235915 0.532075 0.242958 0.524528 0.242958 0.505660 0.246479 0.501887 0.246479 0.498113 0.257042 0.486792 0.264085 0.494340 0.264085 0.501887 0.260563 0.505660 0.260563 0.509434 0.264085 0.505660 0.267606 0.505660 0.271127 0.509434 0.278169 0.509434 0.278169 0.501887 0.285211 0.494340 0.292254 0.501887 0.292254 0.505660 0.302817 0.516981 0.302817 0.520755 0.309859 0.528302 0.309859 0.535849 0.302817 0.543396 0.292254 0.543396 0.285211 0.550943 0.278169 0.550943 0.274648 0.547170 0.274648 0.535849 0.271127 0.532075 0.267606 0.532075 0.260563 0.524528 0.257042 0.524528 0.253521 0.528302 0.253521 0.535849 0.246479 0.543396 0.250000 0.547170 0.257042 0.539623 0.260563 0.539623 0.267606 0.547170 0.267606 0.562264 0.260563 0.569811 0.253521 0.569811 0.246479 0.562264 0.235915 0.573585 0.228873 0.573585 0.228873 0.577358 0.232394 0.581132 0.235915 0.581132 0.242958 0.573585 0.246479 0.573585 0.253521 0.581132 0.253521 0.584906 0.246479 0.592453 0.246479 0.596226 0.250000 0.600000 0.250000 0.607547 0.246479 0.611321 0.246479 0.615094 0.250000 0.618868 0.250000 0.626415 0.246479 0.630189 0.246479 0.633962 0.250000 0.637736 0.250000 0.649057 0.246479 0.652830 0.246479 0.664151 0.250000 0.664151 0.250000 0.660377 0.257042 0.652830 0.257042 0.615094 0.260563 0.611321 0.260563 0.588679 0.264085 0.584906 0.264085 0.581132 0.295775 0.547170 0.302817 0.547170 0.309859 0.539623 0.313380 0.539623 0.323944 0.550943 0.323944 0.566038 0.313380 0.577358 0.313380 0.584906 0.302817 0.596226 0.295775 0.596226 0.292254 0.592453 0.292254 0.588679 0.299296 0.581132 0.299296 0.573585 0.306338 0.566038 0.302817 0.562264 0.295775 0.569811 0.295775 0.573585 0.281690 0.588679 0.281690 0.592453 0.295775 0.607547 0.295775 0.611321 0.285211 0.622642 0.285211 0.626415 0.288732 0.622642 0.295775 0.630189 0.285211 0.641509 0.288732 0.645283 0.292254 0.645283 0.299296 0.652830 0.295775 0.656604 0.288732 0.656604 0.285211 0.660377 0.288732 0.664151 0.288732 0.675472 0.295775 0.675472 0.299296 0.679245 0.299296 0.683019 0.295775 0.686792 0.292254 0.686792 0.288732 0.690566 0.288732 0.698113 0.278169 0.709434 0.271127 0.709434 0.271127 0.713208 0.278169 0.713208 0.281690 0.716981 0.288732 0.716981 0.292254 0.713208 0.295775 0.713208 0.295775 0.694340 0.306338 0.683019 0.306338 0.671698 0.302817 0.667925 0.302817 0.664151 0.309859 0.656604 0.313380 0.656604 0.316901 0.652830 0.323944 0.652830 0.334507 0.664151 0.338028 0.660377 0.345070 0.660377 0.345070 0.649057 0.334507 0.637736 0.330986 0.637736 0.320423 0.649057 0.309859 0.649057 0.302817 0.641509 0.302817 0.633962 0.299296 0.630189 0.306338 0.622642 0.313380 0.630189 0.316901 0.630189 0.316901 0.618868 0.320423 0.615094 0.323944 0.615094 0.327465 0.618868 0.352113 0.618868 0.359155 0.626415 0.359155 0.630189 0.355634 0.633962 0.355634 0.637736 0.387324 0.671698 0.387324 0.675472 0.390845 0.679245 0.390845 0.686792 0.380282 0.698113 0.376761 0.698113 0.366197 0.686792 0.362676 0.690566 0.362676 0.698113 0.359155 0.701887 0.359155 0.705660 0.362676 0.709434 0.362676 0.716981 0.352113 0.728302 0.338028 0.728302 0.338028 0.732075 0.341549 0.735849 0.341549 0.743396 0.338028 0.747170 0.338028 0.754717 0.341549 0.758491 0.341549 0.762264 0.330986 0.773585 0.327465 0.773585 0.316901 0.762264 0.309859 0.762264 0.295775 0.777358 0.316901 0.777358 0.320423 0.781132 0.327465 0.781132 0.330986 0.777358 0.334507 0.777358 0.338028 0.773585 0.348592 0.773585 0.352113 0.769811 0.352113 0.762264 0.348592 0.758491 0.348592 0.754717 0.362676 0.739623 0.369718 0.747170 0.369718 0.750943 0.376761 0.758491 0.380282 0.754717 0.380282 0.747170 0.383803 0.743396 0.383803 0.739623 0.376761 0.732075 0.376761 0.713208 0.394366 0.694340 0.397887 0.694340 0.408451 0.705660 0.408451 0.713208 0.397887 0.724528 0.401408 0.728302 0.408451 0.728302 0.411972 0.732075 0.411972 0.739623 0.404930 0.747170 0.401408 0.747170 0.401408 0.750943 0.408451 0.758491 0.411972 0.758491 0.426056 0.743396 0.429577 0.743396 0.436620 0.750943 0.436620 0.754717 0.440141 0.758491 0.443662 0.758491 0.443662 0.735849 0.426056 0.735849 0.415493 0.724528 0.415493 0.716981 0.411972 0.713208 0.419014 0.705660 0.422535 0.705660 0.429577 0.713208 0.429577 0.716981 0.440141 0.716981 0.440141 0.709434 0.443662 0.705660 0.443662 0.698113 0.457746 0.683019 0.464789 0.683019 0.464789 0.675472 0.461268 0.675472 0.457746 0.679245 0.440141 0.679245 0.436620 0.675472 0.429577 0.683019 0.429577 0.686792 0.419014 0.698113 0.411972 0.698113 0.404930 0.690566 0.404930 0.686792 0.390845 0.671698 0.390845 0.667925 0.380282 0.656604 0.380282 0.645283 0.376761 0.641509 0.369718 0.641509 0.366197 0.637736 0.366197 0.630189 0.369718 0.626415 0.369718 0.622642 0.366197 0.618868 0.359155 0.618868 0.352113 0.611321 0.352113 0.603774 0.362676 0.592453 0.362676 0.588679 0.348592 0.573585 0.348592 0.569811 0.355634 0.562264 0.359155 0.562264 0.359155 0.550943 0.362676 0.547170 0.362676 0.543396 0.341549 0.566038 0.338028 0.566038 0.327465 0.554717 0.334507 0.547170 0.338028 0.547170 0.341549 0.543396 0.330986 0.543396 0.320423 0.532075 0.320423 0.528302 0.306338 0.513208 0.306338 0.509434 0.292254 0.494340 0.292254 0.490566 0.278169 0.475472 0.278169 0.460377 0.285211 0.452830 0.295775 0.452830 0.299296 0.456604 0.302817 0.456604 0.309859 0.464151 0.313380 0.464151 0.316901 0.460377 0.316901 0.452830 0.306338 0.452830 0.302817 0.449057 0.274648 0.449057 0.267606 0.441509 0.267606 0.437736 0.271127 0.433962 0.271127 0.422642 0.274648 0.418868 0.274648 0.415094 0.271127 0.415094 0.267606 0.418868 0.264085 0.418868 0.257042 0.411321 0.257042 0.403774 0.253521 0.400000 0.253521 0.392453 0.250000 0.388679 0.250000 0.377358 0.246479 0.373585 0.246479 0.362264 0.235915 0.350943 0.235915 0.343396 0.232394 0.339623 0.232394 0.332075 0.239437 0.324528 0.239437 0.320755 0.228873 0.320755 0.225352 0.316981 0.225352 0.313208 0.235915 0.301887 0.235915 0.298113 0.232394 0.298113 0.228873 0.294340 0.228873 0.290566 0.221831 0.283019 0.218310 0.283019 0.211268 0.275472 0.211268 0.271698 0.207746 0.267925 0.207746 0.249057 0.204225 0.249057 0.200704 0.245283 0.200704 0.241509 0.204225 0.237736 0.211268 0.237736 0.218310 0.230189 0.218310 0.226415 0.225352 0.218868 0.225352 0.215094 0.218310 0.207547 0.207746 0.207547 0.204225 0.203774 0.204225 0.200000 0.200704 0.196226 0.193662 0.196226 0.186620 0.203774 0.183099 0.203774 0.179577 0.207547 0.179577 0.211321 0.183099 0.215094 0.183099 0.226415 0.186620 0.230189 0.186620 0.233962 0.190141 0.237736 0.190141 0.245283 0.183099 0.252830 0.172535 0.252830 0.169014 0.256604 0.172535 0.260377 0.183099 0.260377 0.186620 0.256604 0.190141 0.256604 0.197183 0.264151 0.197183 0.267925 0.204225 0.275472 0.204225 0.283019 0.193662 0.294340 0.179577 0.294340 0.172535 0.286792 0.179577 0.279245 0.183099 0.279245 0.186620 0.275472 0.183099 0.271698 0.179577 0.271698 0.176056 0.275472 0.169014 0.275472 0.161972 0.267925 0.161972 0.260377 0.158451 0.256604 0.158451 0.237736 0.154930 0.233962 0.154930 0.230189 0.151408 0.226415 0.151408 0.218868 0.154930 0.215094 0.154930 0.200000 0.169014 0.184906 0.172535 0.184906 0.176056 0.181132 0.183099 0.181132 0.186620 0.184906 0.190141 0.184906 0.197183 0.177358 0.207746 0.177358 0.207746 0.169811 0.214789 0.162264 0.225352 0.162264 0.225352 0.158491 0.221831 0.154717 0.218310 0.154717 0.214789 0.158491 0.211268 0.158491 0.204225 0.166038 0.200704 0.166038 0.193662 0.173585 0.186620 0.173585 0.183099 0.169811 0.183099 0.166038 0.190141 0.158491 0.190141 0.154717 0.197183 0.147170 0.207746 0.147170 0.211268 0.143396 0.228873 0.143396 0.246479 0.162264 0.250000 0.158491 0.250000 0.147170 0.253521 0.143396 0.253521 0.139623 0.257042 0.135849 0.264085 0.135849 0.267606 0.132075 0.274648 0.132075 0.281690 0.139623 0.281690 0.143396 0.274648 0.150943 0.271127 0.150943 0.271127 0.154717 0.281690 0.154717 0.292254 0.143396 0.292254 0.139623 0.281690 0.128302 0.281690 0.124528 0.292254 0.113208 0.302817 0.113208 0.302817 0.109434 0.309859 0.101887 0.313380 0.101887 0.316901 0.105660 0.320423 0.105660 0.330986 0.116981 0.341549 0.116981 0.352113 0.105660 0.355634 0.105660 0.359155 0.101887 0.359155 0.098113 0.352113 0.098113 0.345070 0.105660 0.327465 0.105660 0.316901 0.094340 0.316901 0.090566 0.323944 0.083019 0.327465 0.083019 0.330986 0.086792 0.341549 0.086792 0.348592 0.079245 0.359155 0.079245 0.366197 0.086792 0.373239 0.086792 0.373239 0.083019 0.369718 0.083019 0.359155 0.071698 0.355634 0.075472 0.348592 0.075472 0.345070 0.079245 0.330986 0.079245 0.323944 0.071698 0.323944 0.060377 0.320423 0.060377 0.313380 0.067925 0.302817 0.067925 0.295775 0.060377 0.295775 0.056604 0.302817 0.049057 0.313380 0.049057 0.327465 0.033962 0.359155 0.033962 0.359155 0.018868 0.362676 0.015094 0.362676 0.007547 0.366197 0.003774 0.366197 0.000000 0.359155 0.000000 0.359155 0.003774 0.355634 0.007547 0.355634 0.018868 0.345070 0.030189 0.338028 0.030189 0.330986 0.022642 0.330986 0.015094 0.323944 0.022642 0.323944 0.026415 0.309859 0.041509 0.302817 0.033962 0.299296 0.033962 0.288732 0.045283 0.285211 0.045283 0.285211 0.049057 0.288732 0.052830 0.288732 0.060377 0.281690 0.067925 0.278169 0.067925 0.274648 0.064151 0.267606 0.064151 0.264085 0.060377 0.260563 0.060377 0.257042 0.064151 0.257042 0.071698 0.260563 0.075472 0.264085 0.075472 0.271127 0.067925 0.281690 0.067925 0.285211 0.071698 0.288732 0.067925 0.295775 0.075472 0.285211 0.086792 0.271127 0.086792 0.264085 0.094340 0.260563 0.090566 0.253521 0.090566 0.250000 0.094340 0.235915 0.094340 0.232394 0.098113 0.228873 0.098113 0.225352 0.101887 0.232394 0.101887 0.235915 0.098113 0.239437 0.098113 0.246479 0.105660 0.239437 0.113208 0.242958 0.116981 0.246479 0.116981 0.250000 0.113208 0.250000 0.109434 0.257042 0.101887 0.260563 0.101887 0.271127 0.090566 0.295775 0.090566 0.299296 0.086792 0.299296 0.083019 0.306338 0.075472 0.313380 0.083019 0.306338 0.090566 0.306338 0.094340 0.295775 0.105660 0.292254 0.105660 0.271127 0.128302 0.267606 0.128302 0.264085 0.132075 0.260563 0.132075 0.257042 0.128302 0.253521 0.132075 0.253521 0.139623 0.246479 0.147170 0.242958 0.147170 0.235915 0.139623 0.235915 0.128302 0.232394 0.124528 0.225352 0.132075 0.221831 0.132075 0.214789 0.139623 0.207746 0.139623 0.204225 0.135849 0.204225 0.120755 0.207746 0.116981 0.207746 0.105660 0.211268 0.101887 0.211268 0.098113 0.214789 0.094340 0.214789 0.086792 0.211268 0.086792 0.211268 0.090566 0.200704 0.101887 0.193662 0.101887 0.190141 0.098113 0.190141 0.086792 0.207746 0.067925 0.214789 0.067925 0.214789 0.060377 0.211268 0.056604 0.190141 0.079245 0.183099 0.071698 0.183099 0.064151 0.190141 0.056604 0.186620 0.056604 0.176056 0.045283 0.176056 0.041509 0.172535 0.037736 0.172535 0.030189 0.179577 0.022642 0.176056 0.018868 0.176056 0.015094 0.172535 0.011321 0.172535 0.000000 0.169014 0.000000 0.169014 0.011321 0.176056 0.018868 0.161972 0.033962 0.161972 0.037736 0.154930 0.045283 0.151408 0.045283 0.140845 0.033962 0.140845 0.022642 0.144366 0.018868 0.140845 0.015094 0.133803 0.015094 0.130282 0.011321 0.130282 0.000000