1 0.155738 0.945697 0.096019 0.092213 0.187354 0.89959 0.18267 0.903689 0.177986 0.903689 0.177986 0.905738 0.180328 0.905738 0.18267 0.907787 0.18267 0.915984 0.175644 0.922131 0.166276 0.922131 0.163934 0.920082 0.163934 0.911885 0.166276 0.909836 0.166276 0.907787 0.156909 0.915984 0.152225 0.915984 0.149883 0.918033 0.145199 0.918033 0.149883 0.918033 0.152225 0.920082 0.152225 0.932377 0.149883 0.934426 0.145199 0.934426 0.142857 0.936475 0.145199 0.936475 0.147541 0.938525 0.147541 0.961066 0.145199 0.963115 0.142857 0.963115 0.152225 0.963115 0.154567 0.965164 0.154567 0.973361 0.149883 0.977459 0.147541 0.977459 0.145199 0.979508 0.133489 0.979508 0.131148 0.977459 0.131148 0.971311 0.128806 0.971311 0.126464 0.969262 0.126464 0.963115 0.12178 0.959016 0.112412 0.959016 0.112412 0.965164 0.117096 0.965164 0.119438 0.967213 0.119438 0.97541 0.107728 0.985656 0.112412 0.989754 0.112412 0.985656 0.117096 0.981557 0.128806 0.981557 0.131148 0.983607 0.133489 0.983607 0.135831 0.981557 0.152225 0.981557 0.152225 0.979508 0.154567 0.977459 0.154567 0.97541 0.156909 0.973361 0.156909 0.969262 0.159251 0.967213 0.156909 0.965164 0.154567 0.965164 0.152225 0.963115 0.149883 0.963115 0.147541 0.961066 0.147541 0.942623 0.149883 0.940574 0.152225 0.940574 0.152225 0.934426 0.154567 0.932377 0.154567 0.928279 0.156909 0.92623 0.163934 0.92623 0.166276 0.92418 0.177986 0.92418 0.177986 0.922131 0.18267 0.918033 0.18267 0.913934 0.185012 0.911885 0.196721 0.911885 0.199063 0.913934 0.201405 0.913934 0.199063 0.911885 0.199063 0.909836 0.189696 0.909836 0.187354 0.907787
1 0.896956 0.783811 0.088993 0.071721 0.925059 0.747951 0.918033 0.754098 0.918033 0.756148 0.915691 0.758197 0.906323 0.758197 0.901639 0.762295 0.896956 0.762295 0.899297 0.764344 0.903981 0.764344 0.906323 0.766393 0.906323 0.778689 0.903981 0.780738 0.894614 0.780738 0.88993 0.776639 0.87822 0.776639 0.873536 0.772541 0.864169 0.772541 0.861827 0.770492 0.861827 0.772541 0.864169 0.772541 0.866511 0.77459 0.871194 0.77459 0.873536 0.776639 0.873536 0.784836 0.871194 0.786885 0.857143 0.786885 0.852459 0.782787 0.852459 0.784836 0.854801 0.784836 0.857143 0.786885 0.859485 0.786885 0.861827 0.788934 0.871194 0.788934 0.873536 0.790984 0.875878 0.788934 0.87822 0.788934 0.882904 0.784836 0.894614 0.784836 0.896956 0.786885 0.901639 0.786885 0.903981 0.788934 0.906323 0.788934 0.911007 0.793033 0.913349 0.793033 0.9274 0.805328 0.9274 0.813525 0.925059 0.815574 0.932084 0.815574 0.934426 0.817623 0.932084 0.815574 0.932084 0.807377 0.934426 0.805328 0.934426 0.80123 0.936768 0.79918 0.936768 0.797131 0.93911 0.795082 0.93911 0.793033 0.929742 0.793033 0.9274 0.790984 0.9274 0.782787 0.932084 0.778689 0.932084 0.77459 0.934426 0.772541 0.934426 0.770492 0.925059 0.770492 0.922717 0.768443 0.922717 0.756148 0.925059 0.754098 0.925059 0.752049 0.9274 0.75 0.9274 0.747951
1 0.318501 0.599385 0.074941 0.038934 0.339578 0.579918 0.334895 0.584016 0.332553 0.584016 0.316159 0.598361 0.316159 0.60041 0.313817 0.602459 0.311475 0.602459 0.309133 0.604508 0.297424 0.604508 0.288056 0.596311 0.288056 0.586066 0.29274 0.581967 0.30445 0.581967 0.283372 0.581967 0.283372 0.584016 0.28103 0.586066 0.28103 0.594262 0.283372 0.596311 0.283372 0.598361 0.285714 0.598361 0.290398 0.602459 0.290398 0.606557 0.295082 0.606557 0.297424 0.608607 0.299766 0.608607 0.302108 0.610656 0.302108 0.614754 0.30445 0.616803 0.30445 0.614754 0.306792 0.612705 0.309133 0.612705 0.311475 0.610656 0.318501 0.610656 0.318501 0.606557 0.320843 0.604508 0.320843 0.602459 0.323185 0.60041 0.332553 0.60041 0.334895 0.602459 0.339578 0.602459 0.34192 0.604508 0.34192 0.612705 0.346604 0.612705 0.348946 0.614754 0.35363 0.614754 0.351288 0.612705 0.348946 0.612705 0.346604 0.610656 0.344262 0.610656 0.34192 0.608607 0.34192 0.60041 0.348946 0.594262 0.348946 0.592213 0.34192 0.592213 0.339578 0.590164
1 0.414520 0.628074 0.131148 0.120902 0.400468 0.567623 0.400468 0.571721 0.398126 0.57377 0.388759 0.57377 0.386417 0.571721 0.372365 0.571721 0.372365 0.57582 0.370023 0.577869 0.36534 0.577869 0.36534 0.586066 0.377049 0.596311 0.388759 0.596311 0.391101 0.598361 0.391101 0.606557 0.388759 0.608607 0.381733 0.608607 0.379391 0.610656 0.381733 0.612705 0.386417 0.612705 0.388759 0.614754 0.388759 0.625 0.386417 0.627049 0.384075 0.627049 0.384075 0.633197 0.379391 0.637295 0.372365 0.637295 0.372365 0.641393 0.374707 0.643443 0.374707 0.657787 0.372365 0.659836 0.360656 0.659836 0.358314 0.657787 0.358314 0.653689 0.358314 0.655738 0.351288 0.661885 0.351288 0.665984 0.348946 0.668033 0.351288 0.670082 0.351288 0.672131 0.35363 0.672131 0.35363 0.670082 0.355972 0.668033 0.355972 0.663934 0.360656 0.659836 0.370023 0.659836 0.372365 0.661885 0.372365 0.67623 0.367681 0.680328 0.362998 0.680328 0.362998 0.682377 0.360656 0.684426 0.36534 0.680328 0.377049 0.680328 0.379391 0.682377 0.379391 0.684426 0.381733 0.686475 0.388759 0.686475 0.381733 0.680328 0.381733 0.678279 0.379391 0.67623 0.379391 0.67418 0.377049 0.672131 0.377049 0.653689 0.379391 0.651639 0.379391 0.64959 0.386417 0.643443 0.386417 0.637295 0.391101 0.633197 0.391101 0.631148 0.393443 0.629098 0.40281 0.629098 0.405152 0.631148 0.405152 0.635246 0.419204 0.635246 0.42623 0.641393 0.42623 0.643443 0.428571 0.641393 0.4637 0.641393 0.466042 0.643443 0.466042 0.64959 0.477752 0.64959 0.477752 0.647541 0.468384 0.647541 0.466042 0.645492 0.466042 0.637295 0.47541 0.629098 0.470726 0.629098 0.461358 0.637295 0.459016 0.637295 0.456674 0.639344 0.454333 0.639344 0.451991 0.641393 0.433255 0.641393 0.428571 0.637295 0.428571 0.631148 0.423888 0.631148 0.421546 0.629098 0.421546 0.627049 0.419204 0.625 0.405152 0.625 0.40281 0.622951 0.40281 0.620902 0.398126 0.620902 0.395785 0.618852 0.395785 0.598361 0.393443 0.596311 0.391101 0.596311 0.388759 0.594262 0.388759 0.579918 0.391101 0.577869 0.400468 0.577869 0.40281 0.57582 0.407494 0.57582 0.407494 0.569672 0.405152 0.569672 0.40281 0.567623
1 0.097190 0.567623 0.058548 0.057377 0.124122 0.538934 0.12178 0.540984 0.12178 0.543033 0.119438 0.545082 0.119438 0.54918 0.117096 0.55123 0.105386 0.55123 0.103044 0.54918 0.103044 0.543033 0.103044 0.545082 0.100703 0.547131 0.098361 0.547131 0.096019 0.54918 0.093677 0.54918 0.093677 0.561475 0.091335 0.563525 0.079625 0.563525 0.0726 0.557377 0.0726 0.54918 0.070258 0.54918 0.067916 0.55123 0.067916 0.553279 0.070258 0.555328 0.070258 0.559426 0.077283 0.565574 0.077283 0.57582 0.074941 0.577869 0.074941 0.586066 0.070258 0.590164 0.070258 0.594262 0.070258 0.592213 0.074941 0.588115 0.074941 0.586066 0.077283 0.584016 0.077283 0.571721 0.079625 0.569672 0.088993 0.569672 0.091335 0.571721 0.11007 0.571721 0.112412 0.57377 0.114754 0.57377 0.117096 0.57582 0.114754 0.57377 0.114754 0.559426 0.117096 0.557377 0.117096 0.553279 0.12178 0.54918 0.12178 0.547131 0.124122 0.545082
1 0.538642 0.565574 0.093677 0.057377 0.557377 0.536885 0.557377 0.547131 0.555035 0.54918 0.550351 0.54918 0.548009 0.55123 0.548009 0.553279 0.557377 0.553279 0.559719 0.555328 0.559719 0.565574 0.557377 0.567623 0.545667 0.567623 0.543326 0.565574 0.543326 0.557377 0.540984 0.557377 0.538642 0.559426 0.538642 0.561475 0.5363 0.563525 0.5363 0.569672 0.533958 0.571721 0.52459 0.571721 0.515222 0.563525 0.505855 0.563525 0.503513 0.561475 0.498829 0.561475 0.494145 0.557377 0.491803 0.557377 0.491803 0.559426 0.498829 0.565574 0.498829 0.567623 0.501171 0.567623 0.503513 0.569672 0.512881 0.569672 0.52459 0.579918 0.529274 0.57582 0.543326 0.57582 0.550351 0.569672 0.559719 0.569672 0.562061 0.571721 0.562061 0.57377 0.564403 0.57582 0.564403 0.579918 0.571429 0.586066 0.57377 0.586066 0.580796 0.592213 0.583138 0.592213 0.583138 0.590164 0.578454 0.586066 0.576112 0.586066 0.571429 0.581967 0.571429 0.577869 0.569087 0.57582 0.569087 0.571721 0.566745 0.569672 0.566745 0.553279 0.564403 0.55123 0.564403 0.543033 0.566745 0.540984 0.566745 0.538934 0.569087 0.536885
1 0.437939 0.540984 0.088993 0.036885 0.444965 0.522541 0.442623 0.52459 0.433255 0.52459 0.430913 0.526639 0.423888 0.526639 0.421546 0.528689 0.405152 0.528689 0.40281 0.530738 0.40281 0.534836 0.400468 0.536885 0.400468 0.540984 0.393443 0.547131 0.393443 0.557377 0.395785 0.557377 0.398126 0.555328 0.398126 0.54918 0.400468 0.547131 0.412178 0.547131 0.416862 0.55123 0.421546 0.55123 0.423888 0.553279 0.456674 0.553279 0.459016 0.555328 0.4637 0.555328 0.466042 0.557377 0.468384 0.557377 0.470726 0.555328 0.470726 0.547131 0.473068 0.545082 0.480094 0.545082 0.477752 0.543033 0.47541 0.543033 0.461358 0.530738 0.461358 0.528689 0.451991 0.528689
1 0.168618 0.556352 0.051522 0.067623 0.192037 0.522541 0.189696 0.52459 0.187354 0.52459 0.185012 0.526639 0.185012 0.538934 0.18267 0.540984 0.173302 0.540984 0.168618 0.536885 0.168618 0.532787 0.166276 0.530738 0.168618 0.532787 0.168618 0.55123 0.166276 0.553279 0.161593 0.553279 0.156909 0.557377 0.142857 0.557377 0.147541 0.561475 0.156909 0.561475 0.159251 0.563525 0.159251 0.571721 0.156909 0.57377 0.147541 0.57377 0.145199 0.571721 0.142857 0.571721 0.142857 0.57377 0.145199 0.57582 0.145199 0.579918 0.147541 0.581967 0.147541 0.586066 0.149883 0.584016 0.152225 0.584016 0.152225 0.577869 0.154567 0.57582 0.163934 0.57582 0.166276 0.577869 0.166276 0.586066 0.173302 0.586066 0.175644 0.588115 0.177986 0.588115 0.177986 0.584016 0.168618 0.57582 0.168618 0.571721 0.161593 0.571721 0.159251 0.569672 0.159251 0.559426 0.163934 0.555328 0.173302 0.555328 0.175644 0.557377 0.175644 0.565574 0.175644 0.561475 0.180328 0.557377 0.180328 0.55123 0.18267 0.54918 0.18267 0.543033 0.185012 0.540984 0.187354 0.540984 0.187354 0.538934 0.189696 0.536885 0.189696 0.534836 0.192037 0.532787
1 0.398126 0.475410 0.056206 0.081967 0.384075 0.434426 0.384075 0.442623 0.381733 0.444672 0.386417 0.444672 0.388759 0.446721 0.388759 0.454918 0.386417 0.456967 0.379391 0.456967 0.377049 0.459016 0.374707 0.459016 0.372365 0.461066 0.386417 0.461066 0.388759 0.459016 0.391101 0.459016 0.391101 0.44877 0.393443 0.446721 0.40281 0.446721 0.405152 0.44877 0.405152 0.461066 0.40281 0.463115 0.400468 0.463115 0.405152 0.463115 0.407494 0.465164 0.409836 0.465164 0.412178 0.467213 0.412178 0.481557 0.409836 0.483607 0.409836 0.485656 0.405152 0.489754 0.393443 0.489754 0.393443 0.491803 0.395785 0.491803 0.400468 0.495902 0.400468 0.504098 0.393443 0.510246 0.391101 0.510246 0.388759 0.512295 0.379391 0.512295 0.374707 0.508197 0.374707 0.506148 0.372365 0.508197 0.370023 0.508197 0.372365 0.510246 0.374707 0.510246 0.377049 0.512295 0.391101 0.512295 0.393443 0.514344 0.395785 0.514344 0.395785 0.512295 0.398126 0.510246 0.407494 0.510246 0.407494 0.493852 0.409836 0.491803 0.409836 0.489754 0.412178 0.487705 0.412178 0.47541 0.419204 0.469262 0.423888 0.469262 0.421546 0.467213 0.421546 0.456967 0.423888 0.454918 0.421546 0.452869 0.421546 0.44877 0.419204 0.446721 0.416862 0.446721 0.41452 0.444672 0.41452 0.438525 0.41452 0.440574 0.412178 0.442623 0.400468 0.442623 0.393443 0.436475 0.391101 0.436475 0.388759 0.434426
1 0.645199 0.393443 0.105386 0.032787 0.592506 0.377049 0.592506 0.389344 0.59719 0.389344 0.599532 0.391393 0.599532 0.39959 0.608899 0.39959 0.611241 0.397541 0.613583 0.397541 0.615925 0.395492 0.625293 0.395492 0.627635 0.397541 0.627635 0.401639 0.629977 0.403689 0.629977 0.407787 0.639344 0.407787 0.639344 0.405738 0.63466 0.401639 0.63466 0.391393 0.639344 0.387295 0.648712 0.387295 0.651054 0.389344 0.651054 0.395492 0.653396 0.397541 0.655738 0.397541 0.655738 0.391393 0.65808 0.389344 0.674473 0.389344 0.676815 0.391393 0.681499 0.391393 0.683841 0.393443 0.690867 0.393443 0.693208 0.395492 0.69555 0.395492 0.69555 0.393443 0.690867 0.393443 0.686183 0.389344 0.679157 0.389344 0.676815 0.387295 0.674473 0.387295 0.669789 0.383197 0.669789 0.381148 0.662763 0.381148 0.660422 0.379098 0.644028 0.379098 0.639344 0.383197 0.63466 0.383197 0.632319 0.385246 0.629977 0.385246 0.627635 0.387295 0.622951 0.387295 0.620609 0.389344 0.615925 0.389344 0.611241 0.393443 0.601874 0.393443 0.599532 0.391393 0.599532 0.383197 0.594848 0.379098 0.594848 0.377049
1 0.750585 0.405738 0.105386 0.077869 0.716628 0.366803 0.714286 0.368852 0.709602 0.368852 0.70726 0.370902 0.702576 0.370902 0.702576 0.372951 0.697892 0.377049 0.700234 0.377049 0.704918 0.381148 0.704918 0.383197 0.704918 0.375 0.70726 0.372951 0.716628 0.372951 0.71897 0.375 0.71897 0.383197 0.716628 0.385246 0.716628 0.387295 0.71897 0.389344 0.71897 0.395492 0.721311 0.397541 0.721311 0.39959 0.723653 0.401639 0.723653 0.403689 0.725995 0.405738 0.725995 0.415984 0.723653 0.418033 0.723653 0.436475 0.71897 0.440574 0.71897 0.442623 0.721311 0.442623 0.721311 0.440574 0.723653 0.438525 0.725995 0.438525 0.725995 0.436475 0.728337 0.434426 0.740047 0.434426 0.737705 0.432377 0.737705 0.430328 0.735363 0.430328 0.730679 0.42623 0.730679 0.413934 0.733021 0.411885 0.751756 0.411885 0.754098 0.413934 0.754098 0.42418 0.758782 0.420082 0.761124 0.420082 0.765808 0.415984 0.791569 0.415984 0.793911 0.418033 0.796253 0.418033 0.798595 0.415984 0.800937 0.415984 0.800937 0.413934 0.789227 0.413934 0.786885 0.411885 0.786885 0.407787 0.782201 0.407787 0.777518 0.411885 0.754098 0.411885 0.751756 0.409836 0.751756 0.393443 0.749415 0.393443 0.749415 0.39959 0.747073 0.401639 0.747073 0.403689 0.742389 0.407787 0.728337 0.407787 0.725995 0.405738 0.725995 0.403689 0.723653 0.401639 0.723653 0.393443 0.725995 0.391393 0.725995 0.389344 0.728337 0.387295 0.728337 0.377049 0.730679 0.375 0.730679 0.370902 0.721311 0.370902 0.71897 0.368852 0.71897 0.366803
1 0.920375 0.346311 0.079625 0.065574 0.892272 0.313525 0.892272 0.315574 0.896956 0.319672 0.896956 0.321721 0.899297 0.32377 0.899297 0.331967 0.88993 0.340164 0.88993 0.342213 0.887588 0.344262 0.880562 0.344262 0.880562 0.346311 0.899297 0.362705 0.899297 0.370902 0.896956 0.372951 0.901639 0.368852 0.911007 0.368852 0.913349 0.370902 0.913349 0.375 0.915691 0.375 0.918033 0.377049 0.918033 0.372951 0.920375 0.370902 0.929742 0.370902 0.932084 0.372951 0.932084 0.377049 0.936768 0.377049 0.93911 0.375 0.953162 0.375 0.955504 0.377049 0.957845 0.377049 0.955504 0.375 0.941452 0.375 0.93911 0.372951 0.93911 0.368852 0.936768 0.370902 0.9274 0.370902 0.925059 0.368852 0.925059 0.366803 0.920375 0.366803 0.918033 0.368852 0.908665 0.368852 0.906323 0.366803 0.906323 0.364754 0.903981 0.364754 0.901639 0.362705 0.901639 0.354508 0.903981 0.352459 0.903981 0.35041 0.906323 0.348361 0.908665 0.348361 0.911007 0.346311 0.913349 0.346311 0.906323 0.346311 0.903981 0.344262 0.903981 0.334016 0.906323 0.331967 0.918033 0.331967 0.918033 0.321721 0.901639 0.321721 0.896956 0.317623 0.896956 0.315574 0.894614 0.313525
1 0.622951 0.300205 0.126464 0.051230 0.566745 0.27459 0.571429 0.278689 0.571429 0.286885 0.569087 0.288934 0.569087 0.293033 0.564403 0.297131 0.562061 0.297131 0.559719 0.29918 0.569087 0.29918 0.571429 0.30123 0.571429 0.309426 0.566745 0.313525 0.564403 0.313525 0.566745 0.315574 0.571429 0.315574 0.576112 0.311475 0.576112 0.309426 0.578454 0.307377 0.587822 0.307377 0.590164 0.305328 0.594848 0.305328 0.59719 0.303279 0.606557 0.303279 0.615925 0.295082 0.615925 0.293033 0.622951 0.286885 0.637002 0.286885 0.639344 0.288934 0.641686 0.288934 0.644028 0.290984 0.64637 0.290984 0.648712 0.293033 0.648712 0.30123 0.64637 0.303279 0.64637 0.311475 0.667447 0.311475 0.669789 0.313525 0.669789 0.32377 0.672131 0.32377 0.672131 0.321721 0.676815 0.317623 0.676815 0.315574 0.683841 0.309426 0.683841 0.305328 0.674473 0.305328 0.669789 0.30123 0.669789 0.290984 0.672131 0.288934 0.679157 0.288934 0.679157 0.284836 0.672131 0.284836 0.667447 0.288934 0.65808 0.288934 0.655738 0.290984 0.64637 0.290984 0.639344 0.284836 0.639344 0.278689 0.63466 0.278689 0.63466 0.280738 0.629977 0.284836 0.618267 0.284836 0.611241 0.290984 0.611241 0.293033 0.608899 0.295082 0.606557 0.295082 0.604215 0.297131 0.601874 0.297131 0.599532 0.29918 0.59719 0.29918 0.594848 0.30123 0.580796 0.30123 0.578454 0.29918 0.578454 0.297131 0.576112 0.295082 0.576112 0.286885 0.578454 0.284836 0.587822 0.284836 0.590164 0.286885 0.580796 0.278689 0.578454 0.278689 0.576112 0.276639 0.571429 0.276639 0.569087 0.27459
1 0.507026 0.250000 0.110070 0.081967 0.466042 0.209016 0.466042 0.211066 0.461358 0.215164 0.461358 0.217213 0.456674 0.221311 0.454333 0.221311 0.451991 0.223361 0.451991 0.229508 0.454333 0.229508 0.459016 0.233607 0.459016 0.235656 0.4637 0.235656 0.466042 0.237705 0.466042 0.245902 0.4637 0.247951 0.456674 0.247951 0.461358 0.247951 0.4637 0.25 0.4637 0.252049 0.466042 0.252049 0.468384 0.254098 0.470726 0.254098 0.477752 0.260246 0.480094 0.260246 0.487119 0.266393 0.487119 0.27459 0.484778 0.276639 0.482436 0.276639 0.482436 0.278689 0.480094 0.280738 0.480094 0.288934 0.487119 0.282787 0.491803 0.282787 0.491803 0.276639 0.494145 0.27459 0.515222 0.27459 0.517564 0.276639 0.517564 0.27459 0.519906 0.272541 0.538642 0.272541 0.543326 0.276639 0.548009 0.276639 0.550351 0.278689 0.550351 0.280738 0.552693 0.282787 0.552693 0.272541 0.555035 0.270492 0.557377 0.270492 0.557377 0.264344 0.559719 0.262295 0.559719 0.260246 0.557377 0.260246 0.555035 0.262295 0.548009 0.262295 0.548009 0.264344 0.545667 0.266393 0.533958 0.266393 0.531616 0.264344 0.529274 0.264344 0.526932 0.266393 0.512881 0.266393 0.510539 0.264344 0.508197 0.266393 0.489461 0.266393 0.480094 0.258197 0.480094 0.254098 0.47541 0.25 0.473068 0.25 0.470726 0.247951 0.470726 0.235656 0.473068 0.233607 0.459016 0.233607 0.456674 0.231557 0.456674 0.223361 0.459016 0.221311 0.468384 0.221311 0.468384 0.211066 0.470726 0.209016