0 0.841121 0.648204 0.317757 0.128743 0.931464 0.583832 0.925234 0.589820 0.919003 0.589820 0.915888 0.592814 0.915888 0.595808 0.925234 0.604790 0.925234 0.607784 0.919003 0.613772 0.919003 0.619760 0.922118 0.622754 0.922118 0.625749 0.919003 0.628743 0.919003 0.634731 0.922118 0.637725 0.922118 0.646707 0.919003 0.649701 0.919003 0.652695 0.915888 0.655689 0.915888 0.658683 0.919003 0.661677 0.919003 0.664671 0.909657 0.673653 0.906542 0.673653 0.903427 0.676647 0.894081 0.676647 0.884735 0.685629 0.881620 0.685629 0.875389 0.679641 0.872274 0.679641 0.869159 0.682635 0.866044 0.682635 0.862928 0.685629 0.859813 0.685629 0.853583 0.679641 0.853583 0.673653 0.862928 0.664671 0.872274 0.664671 0.878505 0.670659 0.881620 0.670659 0.881620 0.664671 0.872274 0.655689 0.869159 0.655689 0.850467 0.673653 0.850467 0.676647 0.838006 0.688623 0.834891 0.688623 0.831776 0.685629 0.828660 0.685629 0.822430 0.679641 0.822430 0.676647 0.819315 0.673653 0.809969 0.673653 0.806854 0.670659 0.800623 0.670659 0.797508 0.673653 0.794393 0.673653 0.788162 0.679641 0.785047 0.679641 0.781931 0.682635 0.775701 0.682635 0.766355 0.673653 0.763240 0.673653 0.760125 0.670659 0.757009 0.670659 0.753894 0.667665 0.732087 0.667665 0.725857 0.661677 0.725857 0.643713 0.735202 0.634731 0.735202 0.631737 0.738318 0.628743 0.738318 0.622754 0.735202 0.619760 0.732087 0.619760 0.728972 0.622754 0.728972 0.628743 0.716511 0.640719 0.713396 0.640719 0.710280 0.643713 0.707165 0.643713 0.704050 0.646707 0.700935 0.646707 0.697819 0.649701 0.691589 0.649701 0.688474 0.646707 0.685358 0.646707 0.682243 0.649701 0.685358 0.652695 0.685358 0.655689 0.688474 0.658683 0.697819 0.649701 0.704050 0.649701 0.707165 0.646707 0.713396 0.646707 0.719626 0.652695 0.719626 0.664671 0.713396 0.670659 0.713396 0.673653 0.704050 0.682635 0.697819 0.682635 0.691589 0.676647 0.688474 0.679641 0.688474 0.685629 0.685358 0.688623 0.685358 0.694611 0.688474 0.697605 0.691589 0.694611 0.697819 0.694611 0.710280 0.682635 0.722741 0.682635 0.735202 0.670659 0.750779 0.670659 0.763240 0.682635 0.772586 0.682635 0.778816 0.688623 0.781931 0.688623 0.785047 0.691617 0.791277 0.691617 0.794393 0.688623 0.794393 0.685629 0.800623 0.679641 0.803738 0.679641 0.813084 0.688623 0.816199 0.688623 0.822430 0.694611 0.822430 0.700599 0.819315 0.703593 0.819315 0.706587 0.822430 0.709581 0.825545 0.709581 0.828660 0.706587 0.828660 0.691617 0.831776 0.688623 0.834891 0.688623 0.841121 0.694611 0.847352 0.694611 0.850467 0.691617 0.866044 0.691617 0.872274 0.685629 0.878505 0.685629 0.881620 0.688623 0.881620 0.697605 0.884735 0.697605 0.887850 0.694611 0.890966 0.694611 0.900312 0.703593 0.903427 0.703593 0.903427 0.700599 0.894081 0.691617 0.894081 0.688623 0.900312 0.682635 0.903427 0.682635 0.906542 0.679641 0.909657 0.679641 0.912773 0.676647 0.931464 0.676647 0.934579 0.679641 0.934579 0.685629 0.928349 0.691617 0.931464 0.694611 0.943925 0.682635 0.943925 0.679641 0.953271 0.670659 0.959502 0.670659 0.965732 0.676647 0.975078 0.676647 0.984424 0.685629 0.987539 0.685629 0.993769 0.679641 0.996885 0.679641 0.996885 0.673653 0.984424 0.673653 0.978193 0.667665 0.978193 0.661677 0.975078 0.658683 0.971963 0.658683 0.968847 0.661677 0.965732 0.661677 0.959502 0.667665 0.953271 0.667665 0.950156 0.664671 0.943925 0.664671 0.940810 0.667665 0.934579 0.667665 0.928349 0.661677 0.928349 0.655689 0.925234 0.652695 0.925234 0.649701 0.928349 0.646707 0.928349 0.622754 0.931464 0.619760 0.931464 0.610778 0.934579 0.607784 0.934579 0.604790 0.937695 0.601796 0.937695 0.598802 0.934579 0.595808 0.934579 0.583832
0 0.088785 0.621257 0.177570 0.182635 0.124611 0.529940 0.121495 0.532934 0.118380 0.532934 0.112150 0.538922 0.112150 0.541916 0.109034 0.544910 0.109034 0.556886 0.102804 0.562874 0.102804 0.565868 0.109034 0.571856 0.109034 0.574850 0.112150 0.577844 0.112150 0.580838 0.102804 0.589820 0.096573 0.589820 0.096573 0.592814 0.099688 0.595808 0.099688 0.601796 0.096573 0.604790 0.096573 0.607784 0.099688 0.610778 0.102804 0.610778 0.109034 0.616766 0.109034 0.619760 0.105919 0.622754 0.105919 0.628743 0.096573 0.637725 0.096573 0.640719 0.105919 0.649701 0.105919 0.652695 0.093458 0.664671 0.084112 0.664671 0.077882 0.658683 0.077882 0.643713 0.071651 0.637725 0.071651 0.631737 0.077882 0.625749 0.077882 0.622754 0.074766 0.619760 0.068536 0.619760 0.065421 0.622754 0.065421 0.625749 0.068536 0.628743 0.068536 0.631737 0.062305 0.637725 0.059190 0.634731 0.052960 0.640719 0.052960 0.661677 0.056075 0.664671 0.056075 0.670659 0.043614 0.682635 0.040498 0.682635 0.037383 0.679641 0.034268 0.679641 0.024922 0.688623 0.021807 0.688623 0.015576 0.682635 0.015576 0.664671 0.018692 0.661677 0.018692 0.652695 0.009346 0.643713 0.000000 0.643713 0.000000 0.649701 0.009346 0.649701 0.015576 0.655689 0.015576 0.658683 0.006231 0.667665 0.000000 0.667665 0.000000 0.670659 0.006231 0.670659 0.012461 0.676647 0.012461 0.679641 0.003115 0.688623 0.000000 0.688623 0.000000 0.694611 0.006231 0.694611 0.009346 0.697605 0.009346 0.703593 0.006231 0.706587 0.009346 0.709581 0.012461 0.706587 0.012461 0.700599 0.018692 0.694611 0.028037 0.694611 0.034268 0.700599 0.034268 0.703593 0.040498 0.703593 0.040498 0.697605 0.046729 0.691617 0.052960 0.691617 0.059190 0.697605 0.059190 0.706587 0.062305 0.703593 0.062305 0.685629 0.068536 0.679641 0.080997 0.679641 0.087227 0.673653 0.105919 0.673653 0.115265 0.682635 0.115265 0.676647 0.121495 0.670659 0.137072 0.670659 0.140187 0.667665 0.146417 0.667665 0.149533 0.664671 0.161994 0.664671 0.165109 0.661677 0.174455 0.661677 0.174455 0.652695 0.168224 0.652695 0.161994 0.658683 0.158879 0.658683 0.155763 0.661677 0.152648 0.661677 0.149533 0.664671 0.143302 0.664671 0.140187 0.667665 0.130841 0.667665 0.127726 0.664671 0.124611 0.664671 0.121495 0.667665 0.118380 0.667665 0.109034 0.658683 0.109034 0.637725 0.115265 0.631737 0.124611 0.640719 0.124611 0.646707 0.127726 0.649701 0.127726 0.643713 0.124611 0.640719 0.124611 0.637725 0.121495 0.634731 0.121495 0.631737 0.118380 0.628743 0.118380 0.613772 0.121495 0.610778 0.121495 0.607784 0.118380 0.607784 0.112150 0.601796 0.112150 0.595808 0.118380 0.589820 0.124611 0.589820 0.130841 0.595808 0.133956 0.595808 0.133956 0.583832 0.130841 0.580838 0.127726 0.583832 0.121495 0.583832 0.115265 0.577844 0.115265 0.550898 0.118380 0.547904 0.118380 0.541916 0.127726 0.532934 0.133956 0.532934 0.133956 0.529940
0 0.232087 0.540419 0.077882 0.164671 0.252336 0.458084 0.249221 0.461078 0.249221 0.479042 0.246106 0.482036 0.246106 0.508982 0.242991 0.511976 0.242991 0.514970 0.246106 0.517964 0.252336 0.517964 0.255452 0.520958 0.255452 0.526946 0.249221 0.532934 0.246106 0.532934 0.242991 0.535928 0.246106 0.538922 0.246106 0.541916 0.242991 0.544910 0.242991 0.571856 0.239875 0.574850 0.239875 0.580838 0.242991 0.583832 0.242991 0.589820 0.239875 0.592814 0.233645 0.592814 0.227414 0.586826 0.227414 0.577844 0.224299 0.574850 0.224299 0.571856 0.218069 0.565868 0.218069 0.550898 0.214953 0.547904 0.211838 0.547904 0.208723 0.550898 0.208723 0.556886 0.211838 0.559880 0.211838 0.562874 0.208723 0.565868 0.208723 0.571856 0.214953 0.577844 0.214953 0.580838 0.208723 0.586826 0.202492 0.586826 0.196262 0.580838 0.193146 0.580838 0.193146 0.583832 0.202492 0.592814 0.205607 0.592814 0.208723 0.589820 0.211838 0.589820 0.218069 0.583832 0.221184 0.583832 0.230530 0.592814 0.214953 0.607784 0.211838 0.607784 0.208723 0.610778 0.205607 0.610778 0.199377 0.616766 0.202492 0.619760 0.208723 0.619760 0.211838 0.616766 0.211838 0.613772 0.218069 0.607784 0.227414 0.607784 0.239875 0.595808 0.242991 0.595808 0.246106 0.598802 0.249221 0.598802 0.249221 0.592814 0.246106 0.589820 0.246106 0.583832 0.249221 0.580838 0.249221 0.562874 0.252336 0.559880 0.252336 0.556886 0.255452 0.553892 0.255452 0.541916 0.261682 0.535928 0.264798 0.535928 0.264798 0.526946 0.267913 0.523952 0.267913 0.520958 0.264798 0.517964 0.264798 0.514970 0.255452 0.505988 0.255452 0.488024 0.258567 0.485030 0.258567 0.479042 0.261682 0.476048 0.261682 0.473054 0.258567 0.470060 0.258567 0.461078 0.255452 0.458084
0 0.395639 0.552395 0.560748 0.362275 0.267913 0.371257 0.264798 0.374251 0.264798 0.392216 0.258567 0.398204 0.261682 0.401198 0.261682 0.404192 0.264798 0.407186 0.264798 0.431138 0.261682 0.434132 0.261682 0.443114 0.258567 0.446108 0.258567 0.449102 0.261682 0.452096 0.267913 0.452096 0.280374 0.464072 0.280374 0.467066 0.283489 0.470060 0.283489 0.473054 0.286604 0.476048 0.286604 0.491018 0.283489 0.494012 0.283489 0.505988 0.286604 0.508982 0.286604 0.514970 0.277259 0.523952 0.277259 0.526946 0.280374 0.529940 0.280374 0.538922 0.277259 0.541916 0.277259 0.547904 0.280374 0.550898 0.280374 0.556886 0.271028 0.565868 0.267913 0.565868 0.264798 0.568862 0.274143 0.568862 0.277259 0.571856 0.277259 0.577844 0.274143 0.580838 0.274143 0.583832 0.283489 0.592814 0.283489 0.619760 0.274143 0.628743 0.271028 0.628743 0.264798 0.622754 0.258567 0.622754 0.246106 0.634731 0.246106 0.643713 0.249221 0.646707 0.249221 0.652695 0.255452 0.658683 0.261682 0.652695 0.261682 0.649701 0.258567 0.646707 0.258567 0.640719 0.264798 0.634731 0.271028 0.634731 0.274143 0.631737 0.280374 0.637725 0.274143 0.643713 0.274143 0.646707 0.283489 0.655689 0.283489 0.658683 0.274143 0.667665 0.271028 0.667665 0.267913 0.670659 0.264798 0.670659 0.261682 0.673653 0.258567 0.673653 0.252336 0.679641 0.236760 0.679641 0.233645 0.676647 0.224299 0.676647 0.221184 0.673653 0.208723 0.673653 0.196262 0.661677 0.196262 0.658683 0.202492 0.652695 0.202492 0.649701 0.199377 0.649701 0.193146 0.655689 0.193146 0.673653 0.186916 0.679641 0.183801 0.679641 0.177570 0.685629 0.171340 0.685629 0.168224 0.688623 0.165109 0.688623 0.161994 0.691617 0.149533 0.691617 0.146417 0.688623 0.137072 0.688623 0.130841 0.694611 0.124611 0.694611 0.118380 0.688623 0.118380 0.691617 0.115265 0.694611 0.115265 0.697605 0.118380 0.700599 0.127726 0.700599 0.133956 0.706587 0.133956 0.712575 0.137072 0.715569 0.143302 0.715569 0.143302 0.712575 0.137072 0.706587 0.137072 0.700599 0.143302 0.694611 0.146417 0.694611 0.149533 0.697605 0.152648 0.697605 0.155763 0.700599 0.158879 0.700599 0.161994 0.697605 0.171340 0.697605 0.174455 0.694611 0.177570 0.694611 0.180685 0.691617 0.186916 0.691617 0.196262 0.682635 0.208723 0.682635 0.211838 0.685629 0.214953 0.685629 0.218069 0.682635 0.224299 0.682635 0.227414 0.685629 0.230530 0.685629 0.233645 0.688623 0.236760 0.688623 0.249221 0.700599 0.255452 0.700599 0.258567 0.703593 0.261682 0.703593 0.264798 0.706587 0.264798 0.712575 0.255452 0.721557 0.255452 0.730539 0.258567 0.730539 0.258567 0.724551 0.261682 0.721557 0.261682 0.718563 0.267913 0.712575 0.271028 0.712575 0.277259 0.706587 0.277259 0.703593 0.286604 0.694611 0.289720 0.694611 0.299065 0.685629 0.302181 0.685629 0.314642 0.697605 0.323988 0.697605 0.327103 0.700599 0.333333 0.700599 0.336449 0.697605 0.358255 0.697605 0.364486 0.703593 0.364486 0.715569 0.358255 0.721557 0.361371 0.724551 0.367601 0.724551 0.370717 0.721557 0.370717 0.712575 0.380062 0.703593 0.414330 0.703593 0.417445 0.706587 0.433022 0.706587 0.439252 0.700599 0.451713 0.700599 0.457944 0.694611 0.461059 0.694611 0.464174 0.697605 0.470405 0.697605 0.476636 0.703593 0.479751 0.703593 0.482866 0.700599 0.482866 0.697605 0.492212 0.688623 0.510903 0.688623 0.517134 0.694611 0.532710 0.694611 0.538941 0.700599 0.542056 0.700599 0.548287 0.694611 0.563863 0.694611 0.566978 0.691617 0.591900 0.691617 0.598131 0.697605 0.601246 0.697605 0.604361 0.694611 0.607477 0.694611 0.610592 0.697605 0.613707 0.697605 0.616822 0.700599 0.623053 0.700599 0.629283 0.706587 0.629283 0.709581 0.632399 0.712575 0.635514 0.709581 0.638629 0.709581 0.641745 0.706587 0.647975 0.706587 0.647975 0.700599 0.644860 0.700599 0.641745 0.703593 0.638629 0.703593 0.632399 0.697605 0.638629 0.691617 0.641745 0.691617 0.644860 0.688623 0.647975 0.688623 0.657321 0.679641 0.666667 0.679641 0.669782 0.676647 0.669782 0.670659 0.666667 0.667665 0.666667 0.652695 0.672897 0.646707 0.672897 0.643713 0.666667 0.637725 0.663551 0.637725 0.657321 0.643713 0.654206 0.643713 0.644860 0.634731 0.644860 0.616766 0.651090 0.610778 0.660436 0.610778 0.663551 0.613772 0.663551 0.625749 0.666667 0.625749 0.666667 0.622754 0.669782 0.619760 0.669782 0.613772 0.663551 0.607784 0.647975 0.607784 0.641745 0.601796 0.641745 0.598802 0.651090 0.589820 0.654206 0.589820 0.657321 0.592814 0.660436 0.592814 0.663551 0.589820 0.663551 0.586826 0.654206 0.577844 0.654206 0.565868 0.651090 0.562874 0.651090 0.559880 0.647975 0.556886 0.647975 0.547904 0.644860 0.544910 0.644860 0.535928 0.647975 0.532934 0.647975 0.505988 0.641745 0.500000 0.641745 0.494012 0.651090 0.485030 0.654206 0.485030 0.654206 0.482036 0.644860 0.482036 0.638629 0.488024 0.635514 0.488024 0.632399 0.491018 0.629283 0.491018 0.626168 0.494012 0.626168 0.497006 0.629283 0.500000 0.629283 0.502994 0.632399 0.505988 0.632399 0.514970 0.638629 0.520958 0.638629 0.541916 0.635514 0.544910 0.635514 0.547904 0.638629 0.550898 0.638629 0.553892 0.641745 0.556886 0.641745 0.562874 0.632399 0.571856 0.635514 0.574850 0.641745 0.574850 0.647975 0.580838 0.647975 0.583832 0.638629 0.592814 0.638629 0.598802 0.641745 0.601796 0.641745 0.604790 0.638629 0.607784 0.638629 0.619760 0.641745 0.622754 0.641745 0.634731 0.638629 0.637725 0.638629 0.640719 0.641745 0.643713 0.644860 0.643713 0.651090 0.649701 0.657321 0.649701 0.663551 0.655689 0.663551 0.664671 0.647975 0.679641 0.644860 0.679641 0.635514 0.688623 0.632399 0.688623 0.626168 0.682635 0.626168 0.679641 0.623053 0.676647 0.619938 0.676647 0.610592 0.685629 0.595016 0.685629 0.582555 0.673653 0.573209 0.682635 0.548287 0.682635 0.542056 0.676647 0.538941 0.676647 0.535826 0.679641 0.529595 0.679641 0.526480 0.676647 0.526480 0.670659 0.532710 0.664671 0.535826 0.667665 0.542056 0.667665 0.535826 0.661677 0.532710 0.661677 0.526480 0.655689 0.526480 0.652695 0.532710 0.646707 0.542056 0.646707 0.542056 0.643713 0.532710 0.634731 0.532710 0.625749 0.535826 0.622754 0.535826 0.619760 0.542056 0.613772 0.548287 0.619760 0.548287 0.628743 0.551402 0.631737 0.551402 0.634731 0.554517 0.634731 0.554517 0.610778 0.557632 0.607784 0.557632 0.604790 0.554517 0.601796 0.551402 0.601796 0.545171 0.607784 0.538941 0.601796 0.538941 0.595808 0.542056 0.592814 0.542056 0.589820 0.548287 0.583832 0.560748 0.583832 0.563863 0.586826 0.566978 0.586826 0.570093 0.583832 0.570093 0.580838 0.573209 0.577844 0.573209 0.574850 0.566978 0.574850 0.560748 0.580838 0.554517 0.580838 0.545171 0.571856 0.545171 0.559880 0.542056 0.556886 0.538941 0.559880 0.538941 0.565868 0.542056 0.568862 0.542056 0.583832 0.529595 0.595808 0.529595 0.601796 0.532710 0.604790 0.532710 0.607784 0.529595 0.610778 0.529595 0.616766 0.526480 0.619760 0.526480 0.625749 0.523364 0.628743 0.523364 0.631737 0.526480 0.634731 0.526480 0.637725 0.523364 0.640719 0.523364 0.646707 0.517134 0.652695 0.510903 0.652695 0.507788 0.649701 0.507788 0.640719 0.510903 0.637725 0.510903 0.631737 0.507788 0.628743 0.507788 0.625749 0.504673 0.625749 0.504673 0.631737 0.507788 0.634731 0.507788 0.640719 0.501558 0.646707 0.501558 0.649701 0.489097 0.661677 0.492212 0.664671 0.495327 0.664671 0.501558 0.658683 0.510903 0.658683 0.520249 0.667665 0.520249 0.676647 0.514019 0.682635 0.510903 0.682635 0.507788 0.679641 0.504673 0.679641 0.495327 0.670659 0.476636 0.688623 0.473520 0.688623 0.464174 0.679641 0.461059 0.682635 0.461059 0.685629 0.454829 0.691617 0.451713 0.691617 0.445483 0.685629 0.442368 0.685629 0.433022 0.694611 0.423676 0.694611 0.420561 0.697605 0.414330 0.697605 0.411215 0.694611 0.408100 0.694611 0.401869 0.688623 0.401869 0.685629 0.408100 0.679641 0.411215 0.679641 0.414330 0.682635 0.426791 0.682635 0.436137 0.673653 0.439252 0.673653 0.448598 0.664671 0.448598 0.658683 0.445483 0.658683 0.423676 0.679641 0.417445 0.679641 0.411215 0.673653 0.408100 0.673653 0.398754 0.682635 0.398754 0.685629 0.389408 0.694611 0.386293 0.694611 0.380062 0.688623 0.380062 0.685629 0.376947 0.682635 0.373832 0.682635 0.367601 0.688623 0.358255 0.688623 0.355140 0.691617 0.342679 0.691617 0.339564 0.694611 0.336449 0.694611 0.333333 0.697605 0.330218 0.697605 0.323988 0.691617 0.323988 0.688623 0.320872 0.685629 0.311526 0.685629 0.308411 0.682635 0.308411 0.673653 0.292835 0.673653 0.289720 0.670659 0.289720 0.652695 0.292835 0.649701 0.292835 0.643713 0.289720 0.640719 0.289720 0.631737 0.292835 0.628743 0.292835 0.616766 0.295950 0.613772 0.295950 0.598802 0.289720 0.592814 0.289720 0.589820 0.295950 0.583832 0.295950 0.580838 0.292835 0.580838 0.286604 0.574850 0.286604 0.571856 0.292835 0.565868 0.295950 0.565868 0.299065 0.562874 0.308411 0.562874 0.311526 0.559880 0.311526 0.556886 0.308411 0.553892 0.308411 0.532934 0.295950 0.520958 0.295950 0.517964 0.302181 0.511976 0.302181 0.505988 0.299065 0.502994 0.299065 0.494012 0.295950 0.491018 0.295950 0.485030 0.299065 0.482036 0.299065 0.479042 0.295950 0.476048 0.295950 0.461078 0.299065 0.458084 0.299065 0.452096 0.302181 0.449102 0.302181 0.440120 0.305296 0.437126 0.305296 0.419162 0.308411 0.416168 0.308411 0.410180 0.305296 0.410180 0.299065 0.416168 0.295950 0.416168 0.292835 0.413174 0.292835 0.407186 0.286604 0.401198 0.280374 0.401198 0.274143 0.395210 0.274143 0.377246
0 0.590343 0.453593 0.277259 0.218563 0.713396 0.344311 0.710280 0.347305 0.707165 0.347305 0.704050 0.350299 0.704050 0.353293 0.694704 0.362275 0.694704 0.371257 0.685358 0.380240 0.679128 0.374251 0.679128 0.368263 0.676012 0.365269 0.666667 0.365269 0.660436 0.371257 0.660436 0.377246 0.663551 0.380240 0.666667 0.380240 0.669782 0.377246 0.672897 0.377246 0.682243 0.386228 0.682243 0.392216 0.672897 0.401198 0.672897 0.407186 0.663551 0.416168 0.660436 0.416168 0.651090 0.407186 0.651090 0.398204 0.647975 0.395210 0.644860 0.395210 0.635514 0.404192 0.629283 0.404192 0.623053 0.398204 0.619938 0.401198 0.623053 0.404192 0.623053 0.407186 0.626168 0.410180 0.626168 0.413174 0.619938 0.419162 0.616822 0.419162 0.616822 0.422156 0.623053 0.422156 0.629283 0.428144 0.629283 0.440120 0.616822 0.452096 0.610592 0.452096 0.601246 0.443114 0.576324 0.467066 0.576324 0.470060 0.573209 0.473054 0.573209 0.476048 0.563863 0.485030 0.551402 0.485030 0.548287 0.482036 0.548287 0.476048 0.554517 0.470060 0.557632 0.470060 0.560748 0.467066 0.557632 0.464072 0.554517 0.464072 0.551402 0.467066 0.542056 0.467066 0.538941 0.464072 0.538941 0.455090 0.542056 0.452096 0.542056 0.449102 0.538941 0.446108 0.532710 0.446108 0.529595 0.449102 0.529595 0.458084 0.538941 0.467066 0.538941 0.470060 0.542056 0.473054 0.542056 0.479042 0.520249 0.500000 0.514019 0.500000 0.507788 0.494012 0.517134 0.485030 0.517134 0.473054 0.514019 0.470060 0.514019 0.446108 0.529595 0.431138 0.535826 0.431138 0.538941 0.428144 0.538941 0.425150 0.542056 0.422156 0.542056 0.419162 0.545171 0.416168 0.545171 0.404192 0.548287 0.401198 0.548287 0.398204 0.554517 0.392216 0.551402 0.392216 0.548287 0.395210 0.538941 0.395210 0.535826 0.398204 0.535826 0.413174 0.529595 0.419162 0.526480 0.419162 0.514019 0.407186 0.510903 0.407186 0.504673 0.413174 0.510903 0.419162 0.523364 0.419162 0.529595 0.425150 0.529595 0.428144 0.523364 0.434132 0.517134 0.434132 0.514019 0.431138 0.510903 0.431138 0.504673 0.437126 0.498442 0.437126 0.495327 0.440120 0.492212 0.440120 0.485981 0.434132 0.485981 0.431138 0.482866 0.428144 0.482866 0.425150 0.492212 0.416168 0.492212 0.410180 0.489097 0.407186 0.489097 0.398204 0.492212 0.395210 0.492212 0.377246 0.489097 0.374251 0.482866 0.380240 0.482866 0.383234 0.485981 0.386228 0.485981 0.395210 0.476636 0.404192 0.479751 0.407186 0.479751 0.410180 0.482866 0.413174 0.482866 0.419162 0.473520 0.428144 0.461059 0.428144 0.457944 0.431138 0.457944 0.434132 0.461059 0.437126 0.461059 0.440120 0.451713 0.449102 0.454829 0.452096 0.461059 0.452096 0.464174 0.455090 0.467290 0.455090 0.470405 0.458084 0.479751 0.458084 0.485981 0.452096 0.489097 0.452096 0.492212 0.449102 0.492212 0.446108 0.498442 0.440120 0.501558 0.440120 0.510903 0.449102 0.510903 0.452096 0.504673 0.458084 0.504673 0.470060 0.498442 0.476048 0.485981 0.476048 0.482866 0.473054 0.479751 0.473054 0.476636 0.476048 0.476636 0.479042 0.482866 0.485030 0.482866 0.488024 0.485981 0.488024 0.485981 0.485030 0.492212 0.479042 0.501558 0.479042 0.507788 0.485030 0.507788 0.488024 0.498442 0.497006 0.485981 0.497006 0.479751 0.502994 0.473520 0.502994 0.470405 0.500000 0.467290 0.502994 0.470405 0.505988 0.476636 0.505988 0.482866 0.511976 0.473520 0.520958 0.476636 0.523952 0.476636 0.526946 0.479751 0.529940 0.470405 0.538922 0.464174 0.538922 0.461059 0.535928 0.457944 0.538922 0.457944 0.550898 0.461059 0.550898 0.467290 0.544910 0.489097 0.544910 0.495327 0.550898 0.495327 0.553892 0.492212 0.556886 0.495327 0.559880 0.504673 0.559880 0.504673 0.556886 0.498442 0.550898 0.498442 0.547904 0.504673 0.541916 0.517134 0.541916 0.520249 0.544910 0.535826 0.544910 0.538941 0.547904 0.545171 0.547904 0.551402 0.541916 0.563863 0.541916 0.570093 0.547904 0.573209 0.547904 0.582555 0.538922 0.585670 0.538922 0.591900 0.544910 0.595016 0.544910 0.598131 0.541916 0.598131 0.538922 0.604361 0.532934 0.604361 0.529940 0.601246 0.526946 0.598131 0.529940 0.585670 0.529940 0.582555 0.532934 0.576324 0.526946 0.582555 0.520958 0.582555 0.514970 0.579439 0.517964 0.579439 0.520958 0.563863 0.535928 0.554517 0.535928 0.551402 0.538922 0.542056 0.538922 0.538941 0.541916 0.535826 0.541916 0.532710 0.538922 0.529595 0.538922 0.520249 0.529940 0.520249 0.523952 0.523364 0.520958 0.523364 0.517964 0.520249 0.514970 0.520249 0.511976 0.523364 0.508982 0.523364 0.505988 0.529595 0.500000 0.535826 0.500000 0.538941 0.497006 0.538941 0.494012 0.545171 0.488024 0.548287 0.491018 0.566978 0.491018 0.573209 0.497006 0.576324 0.497006 0.579439 0.500000 0.582555 0.500000 0.585670 0.497006 0.585670 0.494012 0.588785 0.491018 0.588785 0.485030 0.579439 0.476048 0.579439 0.473054 0.595016 0.458084 0.598131 0.458084 0.601246 0.455090 0.613707 0.455090 0.619938 0.449102 0.623053 0.449102 0.629283 0.455090 0.629283 0.470060 0.623053 0.476048 0.626168 0.479042 0.632399 0.479042 0.635514 0.476048 0.635514 0.440120 0.638629 0.437126 0.638629 0.422156 0.635514 0.419162 0.635514 0.410180 0.641745 0.404192 0.654206 0.416168 0.657321 0.416168 0.660436 0.419162 0.663551 0.419162 0.666667 0.422156 0.669782 0.422156 0.676012 0.416168 0.676012 0.413174 0.682243 0.407186 0.685358 0.407186 0.691589 0.413174 0.691589 0.416168 0.697819 0.422156 0.710280 0.422156 0.713396 0.419162 0.716511 0.419162 0.716511 0.416168 0.700935 0.416168 0.691589 0.407186 0.697819 0.401198 0.704050 0.401198 0.704050 0.398204 0.694704 0.398204 0.688474 0.392216 0.691589 0.389222 0.691589 0.386228 0.704050 0.374251 0.704050 0.362275 0.710280 0.356287 0.719626 0.365269 0.719626 0.374251 0.716511 0.377246 0.716511 0.386228 0.719626 0.389222 0.725857 0.389222 0.725857 0.377246 0.722741 0.374251 0.722741 0.371257 0.725857 0.368263 0.725857 0.365269 0.716511 0.356287 0.716511 0.347305
0 0.334891 0.402695 0.021807 0.146707 0.333333 0.329341 0.327103 0.335329 0.327103 0.341317 0.330218 0.344311 0.330218 0.353293 0.327103 0.356287 0.327103 0.380240 0.323988 0.383234 0.323988 0.389222 0.327103 0.392216 0.327103 0.401198 0.330218 0.404192 0.330218 0.425150 0.327103 0.428144 0.327103 0.431138 0.330218 0.434132 0.330218 0.440120 0.327103 0.443114 0.327103 0.446108 0.323988 0.449102 0.323988 0.455090 0.327103 0.458084 0.327103 0.461078 0.333333 0.467066 0.333333 0.470060 0.336449 0.473054 0.339564 0.470060 0.339564 0.467066 0.336449 0.464072 0.336449 0.461078 0.330218 0.455090 0.330218 0.440120 0.336449 0.434132 0.342679 0.434132 0.342679 0.428144 0.336449 0.422156 0.336449 0.413174 0.333333 0.410180 0.333333 0.389222 0.336449 0.386228 0.336449 0.368263 0.333333 0.365269 0.333333 0.356287 0.336449 0.353293 0.336449 0.332335
0 0.439252 0.375749 0.118380 0.104790 0.439252 0.323353 0.436137 0.326347 0.436137 0.329341 0.426791 0.338323 0.417445 0.338323 0.414330 0.335329 0.411215 0.335329 0.408100 0.332335 0.398754 0.332335 0.386293 0.344311 0.380062 0.344311 0.380062 0.347305 0.389408 0.347305 0.395639 0.353293 0.395639 0.365269 0.392523 0.368263 0.392523 0.380240 0.395639 0.380240 0.398754 0.383234 0.401869 0.383234 0.401869 0.377246 0.398754 0.374251 0.398754 0.365269 0.401869 0.362275 0.401869 0.344311 0.408100 0.338323 0.411215 0.338323 0.414330 0.341317 0.433022 0.341317 0.436137 0.344311 0.436137 0.350299 0.433022 0.353293 0.423676 0.353293 0.417445 0.359281 0.414330 0.359281 0.414330 0.362275 0.423676 0.362275 0.426791 0.359281 0.429907 0.359281 0.436137 0.353293 0.439252 0.353293 0.445483 0.359281 0.445483 0.362275 0.448598 0.365269 0.457944 0.365269 0.464174 0.371257 0.464174 0.374251 0.461059 0.377246 0.461059 0.383234 0.464174 0.386228 0.464174 0.389222 0.457944 0.395210 0.457944 0.401198 0.461059 0.404192 0.461059 0.413174 0.454829 0.419162 0.448598 0.419162 0.442368 0.413174 0.442368 0.404192 0.445483 0.401198 0.445483 0.398204 0.439252 0.404192 0.439252 0.416168 0.442368 0.419162 0.442368 0.422156 0.445483 0.425150 0.451713 0.425150 0.454829 0.422156 0.461059 0.422156 0.467290 0.416168 0.467290 0.410180 0.470405 0.407186 0.470405 0.404192 0.467290 0.401198 0.467290 0.395210 0.470405 0.392216 0.470405 0.377246 0.485981 0.362275 0.489097 0.362275 0.492212 0.359281 0.492212 0.356287 0.489097 0.353293 0.489097 0.338323 0.495327 0.332335 0.495327 0.329341 0.492212 0.326347 0.489097 0.329341 0.489097 0.338323 0.482866 0.344311 0.479751 0.344311 0.479751 0.347305 0.485981 0.353293 0.485981 0.356287 0.479751 0.362275 0.473520 0.362275 0.467290 0.356287 0.464174 0.356287 0.461059 0.359281 0.451713 0.359281 0.442368 0.350299 0.442368 0.344311 0.448598 0.338323 0.451713 0.338323 0.454829 0.341317 0.457944 0.341317 0.461059 0.344311 0.473520 0.344311 0.467290 0.338323 0.464174 0.338323 0.461059 0.335329 0.448598 0.335329 0.442368 0.329341 0.442368 0.323353
0 0.957944 0.446108 0.084112 0.281437 0.950156 0.305389 0.943925 0.311377 0.947040 0.314371 0.953271 0.314371 0.959502 0.320359 0.959502 0.323353 0.962617 0.326347 0.965732 0.326347 0.968847 0.323353 0.978193 0.323353 0.987539 0.332335 0.987539 0.335329 0.981308 0.341317 0.975078 0.341317 0.965732 0.332335 0.962617 0.332335 0.959502 0.335329 0.968847 0.344311 0.968847 0.347305 0.959502 0.356287 0.956386 0.356287 0.953271 0.359281 0.956386 0.362275 0.956386 0.368263 0.962617 0.374251 0.962617 0.383234 0.956386 0.389222 0.956386 0.392216 0.953271 0.395210 0.953271 0.407186 0.950156 0.410180 0.940810 0.410180 0.937695 0.413174 0.937695 0.416168 0.940810 0.419162 0.943925 0.416168 0.950156 0.416168 0.953271 0.419162 0.953271 0.425150 0.947040 0.431138 0.940810 0.431138 0.934579 0.437126 0.934579 0.440120 0.937695 0.443114 0.940810 0.443114 0.947040 0.449102 0.947040 0.458084 0.953271 0.464072 0.953271 0.470060 0.943925 0.479042 0.937695 0.479042 0.934579 0.482036 0.937695 0.485030 0.940810 0.482036 0.947040 0.482036 0.953271 0.488024 0.953271 0.491018 0.947040 0.497006 0.947040 0.502994 0.950156 0.505988 0.950156 0.511976 0.943925 0.517964 0.940810 0.517964 0.937695 0.520958 0.940810 0.523952 0.940810 0.535928 0.950156 0.544910 0.950156 0.559880 0.943925 0.565868 0.940810 0.565868 0.934579 0.559880 0.915888 0.559880 0.915888 0.562874 0.928349 0.562874 0.934579 0.568862 0.937695 0.568862 0.943925 0.574850 0.943925 0.580838 0.947040 0.583832 0.950156 0.583832 0.950156 0.565868 0.953271 0.562874 0.990654 0.562874 0.996885 0.556886 0.996885 0.550898 0.993769 0.550898 0.987539 0.556886 0.984424 0.556886 0.981308 0.553892 0.981308 0.544910 0.978193 0.544910 0.978193 0.553892 0.971963 0.559880 0.959502 0.559880 0.953271 0.553892 0.953271 0.523952 0.959502 0.517964 0.959502 0.514970 0.956386 0.511976 0.956386 0.508982 0.959502 0.505988 0.959502 0.494012 0.962617 0.491018 0.962617 0.488024 0.956386 0.482036 0.956386 0.464072 0.959502 0.461078 0.959502 0.452096 0.947040 0.440120 0.947040 0.437126 0.956386 0.428144 0.956386 0.425150 0.962617 0.419162 0.962617 0.395210 0.968847 0.389222 0.971963 0.389222 0.975078 0.386228 0.975078 0.383234 0.981308 0.377246 0.984424 0.377246 0.990654 0.371257 0.990654 0.368263 0.996885 0.362275 0.996885 0.359281 0.984424 0.359281 0.981308 0.362275 0.984424 0.365269 0.984424 0.368263 0.975078 0.377246 0.968847 0.377246 0.965732 0.374251 0.965732 0.362275 0.975078 0.353293 0.975078 0.350299 0.984424 0.341317 0.987539 0.341317 0.990654 0.338323 0.996885 0.338323 0.996885 0.332335 0.993769 0.332335 0.987539 0.326347 0.987539 0.323353 0.984424 0.320359 0.975078 0.320359 0.965732 0.311377 0.962617 0.311377 0.956386 0.305389
0 0.135514 0.368263 0.109034 0.305389 0.130841 0.215569 0.127726 0.218563 0.112150 0.218563 0.109034 0.221557 0.109034 0.239521 0.105919 0.242515 0.105919 0.245509 0.109034 0.248503 0.109034 0.263473 0.099688 0.272455 0.099688 0.275449 0.102804 0.278443 0.102804 0.308383 0.105919 0.311377 0.105919 0.332335 0.099688 0.338323 0.099688 0.344311 0.090343 0.353293 0.090343 0.371257 0.087227 0.374251 0.087227 0.380240 0.080997 0.386228 0.080997 0.389222 0.084112 0.392216 0.084112 0.398204 0.093458 0.407186 0.099688 0.407186 0.105919 0.413174 0.105919 0.422156 0.099688 0.428144 0.099688 0.431138 0.105919 0.437126 0.105919 0.440120 0.109034 0.443114 0.109034 0.446108 0.102804 0.452096 0.102804 0.464072 0.093458 0.473054 0.090343 0.473054 0.087227 0.470060 0.084112 0.473054 0.084112 0.476048 0.087227 0.479042 0.096573 0.479042 0.105919 0.488024 0.105919 0.491018 0.115265 0.491018 0.121495 0.497006 0.121495 0.500000 0.112150 0.508982 0.109034 0.508982 0.105919 0.511976 0.105919 0.514970 0.109034 0.517964 0.112150 0.514970 0.115265 0.514970 0.118380 0.511976 0.124611 0.511976 0.127726 0.508982 0.127726 0.497006 0.137072 0.488024 0.140187 0.488024 0.155763 0.502994 0.155763 0.511976 0.152648 0.514970 0.155763 0.517964 0.161994 0.517964 0.161994 0.494012 0.171340 0.485030 0.171340 0.479042 0.174455 0.476048 0.174455 0.470060 0.180685 0.464072 0.183801 0.464072 0.183801 0.461078 0.177570 0.455090 0.177570 0.449102 0.180685 0.446108 0.180685 0.440120 0.186916 0.434132 0.186916 0.428144 0.183801 0.425150 0.183801 0.422156 0.180685 0.422156 0.180685 0.428144 0.171340 0.437126 0.171340 0.473054 0.168224 0.476048 0.168224 0.479042 0.165109 0.482036 0.165109 0.488024 0.158879 0.494012 0.152648 0.494012 0.143302 0.485030 0.143302 0.482036 0.140187 0.479042 0.137072 0.482036 0.137072 0.485030 0.127726 0.494012 0.124611 0.494012 0.121495 0.491018 0.118380 0.491018 0.112150 0.485030 0.112150 0.482036 0.109034 0.479042 0.109034 0.464072 0.112150 0.461078 0.112150 0.458084 0.118380 0.452096 0.118380 0.431138 0.115265 0.428144 0.115265 0.419162 0.112150 0.416168 0.112150 0.365269 0.109034 0.365269 0.109034 0.368263 0.105919 0.371257 0.105919 0.374251 0.102804 0.377246 0.102804 0.383234 0.105919 0.386228 0.105919 0.392216 0.099688 0.398204 0.093458 0.398204 0.090343 0.395210 0.090343 0.371257 0.093458 0.368263 0.093458 0.359281 0.099688 0.353293 0.109034 0.353293 0.109034 0.350299 0.105919 0.347305 0.105919 0.344311 0.112150 0.338323 0.118380 0.338323 0.121495 0.341317 0.124611 0.341317 0.127726 0.344311 0.137072 0.344311 0.130841 0.338323 0.127726 0.338323 0.118380 0.329341 0.118380 0.320359 0.109034 0.311377 0.109034 0.290419 0.112150 0.287425 0.112150 0.278443 0.118380 0.272455 0.124611 0.272455 0.127726 0.269461 0.127726 0.266467 0.124611 0.266467 0.115265 0.257485 0.115265 0.245509 0.112150 0.242515 0.112150 0.230539 0.121495 0.221557 0.130841 0.221557 0.133956 0.218563 0.133956 0.215569
0 0.565421 0.158683 0.021807 0.119760 0.563863 0.098802 0.557632 0.104790 0.557632 0.116766 0.554517 0.119760 0.554517 0.122754 0.563863 0.131737 0.560748 0.134731 0.560748 0.140719 0.563863 0.143713 0.563863 0.149701 0.560748 0.152695 0.560748 0.161677 0.557632 0.164671 0.557632 0.188623 0.554517 0.191617 0.554517 0.197605 0.557632 0.200599 0.557632 0.209581 0.554517 0.212575 0.557632 0.215569 0.563863 0.215569 0.563863 0.203593 0.566978 0.200599 0.566978 0.197605 0.563863 0.194611 0.563863 0.185629 0.566978 0.182635 0.566978 0.167665 0.570093 0.164671 0.570093 0.143713 0.573209 0.140719 0.573209 0.128743 0.570093 0.125749 0.570093 0.122754 0.566978 0.119760 0.566978 0.098802
0 0.281931 0.163174 0.046729 0.152695 0.261682 0.086826 0.258567 0.089820 0.258567 0.092814 0.264798 0.098802 0.267913 0.098802 0.274143 0.104790 0.274143 0.107784 0.271028 0.110778 0.271028 0.116766 0.267913 0.119760 0.267913 0.125749 0.271028 0.128743 0.271028 0.131737 0.274143 0.134731 0.274143 0.146707 0.267913 0.152695 0.264798 0.152695 0.261682 0.155689 0.261682 0.158683 0.264798 0.158683 0.267913 0.161677 0.267913 0.176647 0.271028 0.179641 0.271028 0.185629 0.267913 0.188623 0.267913 0.191617 0.271028 0.194611 0.271028 0.209581 0.274143 0.212575 0.274143 0.224551 0.264798 0.233533 0.267913 0.236527 0.271028 0.233533 0.274143 0.233533 0.277259 0.230539 0.280374 0.230539 0.280374 0.206587 0.277259 0.203593 0.277259 0.188623 0.274143 0.185629 0.280374 0.179641 0.283489 0.179641 0.286604 0.182635 0.289720 0.182635 0.292835 0.179641 0.292835 0.176647 0.295950 0.173653 0.295950 0.170659 0.302181 0.164671 0.302181 0.158683 0.299065 0.158683 0.295950 0.161677 0.295950 0.164671 0.286604 0.173653 0.280374 0.173653 0.277259 0.170659 0.277259 0.164671 0.280374 0.161677 0.280374 0.158683 0.286604 0.152695 0.286604 0.149701 0.280374 0.143713 0.280374 0.140719 0.277259 0.137725 0.283489 0.131737 0.289720 0.131737 0.289720 0.125749 0.292835 0.122754 0.292835 0.119760 0.295950 0.116766 0.292835 0.116766 0.283489 0.125749 0.277259 0.119760 0.277259 0.107784 0.283489 0.101796 0.280374 0.098802 0.277259 0.098802 0.274143 0.095808 0.271028 0.095808
0 0.420561 0.119760 0.037383 0.107784 0.423676 0.065868 0.417445 0.071856 0.417445 0.074850 0.414330 0.077844 0.414330 0.080838 0.411215 0.083832 0.411215 0.086826 0.404984 0.092814 0.404984 0.095808 0.408100 0.098802 0.408100 0.122754 0.404984 0.125749 0.404984 0.128743 0.401869 0.131737 0.401869 0.134731 0.404984 0.137725 0.404984 0.146707 0.408100 0.149701 0.408100 0.152695 0.401869 0.158683 0.401869 0.164671 0.404984 0.167665 0.408100 0.164671 0.417445 0.164671 0.423676 0.170659 0.429907 0.170659 0.429907 0.167665 0.423676 0.161677 0.420561 0.161677 0.411215 0.152695 0.411215 0.140719 0.414330 0.137725 0.414330 0.119760 0.417445 0.116766 0.417445 0.104790 0.414330 0.101796 0.414330 0.095808 0.420561 0.089820 0.423676 0.089820 0.433022 0.098802 0.436137 0.098802 0.436137 0.095808 0.433022 0.092814 0.429907 0.092814 0.420561 0.083832 0.420561 0.080838 0.426791 0.074850 0.426791 0.068862
0 0.112150 0.101796 0.112150 0.203593 0.065421 0.000000 0.065421 0.002994 0.062305 0.005988 0.062305 0.011976 0.056075 0.017964 0.056075 0.020958 0.059190 0.023952 0.059190 0.026946 0.056075 0.029940 0.056075 0.035928 0.059190 0.038922 0.059190 0.047904 0.062305 0.050898 0.065421 0.047904 0.096573 0.047904 0.099688 0.050898 0.099688 0.059880 0.105919 0.065868 0.105919 0.074850 0.109034 0.074850 0.109034 0.068862 0.105919 0.065868 0.105919 0.059880 0.112150 0.053892 0.115265 0.053892 0.127726 0.065868 0.127726 0.083832 0.124611 0.086826 0.124611 0.098802 0.121495 0.101796 0.121495 0.110778 0.118380 0.113772 0.118380 0.119760 0.121495 0.122754 0.121495 0.131737 0.112150 0.140719 0.109034 0.140719 0.105919 0.143713 0.105919 0.146707 0.112150 0.146707 0.115265 0.149701 0.115265 0.155689 0.112150 0.158683 0.112150 0.161677 0.109034 0.164671 0.109034 0.173653 0.102804 0.179641 0.102804 0.185629 0.109034 0.191617 0.109034 0.200599 0.115265 0.200599 0.115265 0.167665 0.118380 0.164671 0.118380 0.161677 0.121495 0.158683 0.121495 0.155689 0.124611 0.152695 0.124611 0.140719 0.127726 0.137725 0.127726 0.122754 0.130841 0.119760 0.130841 0.116766 0.127726 0.113772 0.127726 0.104790 0.130841 0.101796 0.130841 0.089820 0.133956 0.086826 0.133956 0.080838 0.137072 0.077844 0.137072 0.074850 0.140187 0.071856 0.140187 0.056886 0.146417 0.050898 0.146417 0.047904 0.152648 0.041916 0.155763 0.044910 0.161994 0.044910 0.161994 0.041916 0.165109 0.038922 0.165109 0.035928 0.158879 0.029940 0.158879 0.000000 0.152648 0.000000 0.152648 0.023952 0.133956 0.041916 0.130841 0.041916 0.124611 0.047904 0.109034 0.047904 0.105919 0.044910 0.105919 0.041916 0.115265 0.032934 0.115265 0.026946 0.124611 0.017964 0.124611 0.011976 0.121495 0.008982 0.121495 0.005988 0.124611 0.002994 0.124611 0.000000 0.115265 0.000000 0.105919 0.008982 0.102804 0.008982 0.099688 0.011976 0.102804 0.014970 0.112150 0.014970 0.118380 0.020958 0.118380 0.023952 0.109034 0.032934 0.102804 0.032934 0.093458 0.041916 0.090343 0.041916 0.084112 0.035928 0.084112 0.032934 0.087227 0.029940 0.087227 0.020958 0.090343 0.017964 0.090343 0.014970 0.084112 0.014970 0.080997 0.011976 0.077882 0.011976 0.068536 0.002994 0.068536 0.000000