0 0.062363 0.741667 0.124726 0.066667 0.054705 0.708333 0.050328 0.713889 0.050328 0.736111 0.048140 0.738889 0.043764 0.738889 0.041575 0.736111 0.041575 0.730556 0.039387 0.727778 0.037199 0.727778 0.032823 0.733333 0.026258 0.733333 0.021882 0.727778 0.021882 0.725000 0.019694 0.722222 0.015317 0.722222 0.010941 0.727778 0.006565 0.727778 0.004376 0.730556 0.000000 0.730556 0.000000 0.752778 0.002188 0.752778 0.006565 0.758333 0.006565 0.761111 0.000000 0.769444 0.000000 0.772222 0.002188 0.772222 0.004376 0.769444 0.006565 0.769444 0.008753 0.766667 0.008753 0.763889 0.017505 0.752778 0.017505 0.747222 0.015317 0.744444 0.010941 0.750000 0.006565 0.744444 0.006565 0.741667 0.010941 0.736111 0.021882 0.736111 0.024070 0.738889 0.032823 0.738889 0.035011 0.741667 0.037199 0.741667 0.039387 0.744444 0.041575 0.744444 0.043764 0.747222 0.045952 0.747222 0.050328 0.752778 0.050328 0.758333 0.052516 0.758333 0.054705 0.755556 0.059081 0.755556 0.065646 0.763889 0.070022 0.763889 0.072210 0.761111 0.080963 0.761111 0.083151 0.758333 0.094092 0.758333 0.100656 0.766667 0.105033 0.766667 0.107221 0.769444 0.111597 0.769444 0.113786 0.772222 0.120350 0.772222 0.122538 0.769444 0.122538 0.766667 0.111597 0.766667 0.109409 0.763889 0.105033 0.763889 0.102845 0.761111 0.100656 0.761111 0.087527 0.744444 0.080963 0.752778 0.076586 0.752778 0.074398 0.755556 0.072210 0.755556 0.067834 0.750000 0.067834 0.747222 0.065646 0.744444 0.061269 0.750000 0.059081 0.750000 0.054705 0.744444 0.054705 0.736111 0.059081 0.730556 0.059081 0.727778 0.054705 0.722222
0 0.597374 0.751389 0.402626 0.125000 0.417943 0.688889 0.411379 0.697222 0.411379 0.700000 0.413567 0.702778 0.413567 0.705556 0.407002 0.713889 0.404814 0.713889 0.402626 0.711111 0.400438 0.711111 0.398249 0.713889 0.398249 0.716667 0.402626 0.722222 0.404814 0.722222 0.409190 0.727778 0.409190 0.730556 0.396061 0.747222 0.398249 0.750000 0.400438 0.750000 0.404814 0.755556 0.407002 0.755556 0.409190 0.758333 0.413567 0.758333 0.417943 0.752778 0.422319 0.752778 0.424508 0.755556 0.424508 0.761111 0.426696 0.763889 0.428884 0.761111 0.428884 0.752778 0.424508 0.747222 0.424508 0.744444 0.431072 0.736111 0.439825 0.736111 0.442013 0.738889 0.452954 0.738889 0.455142 0.741667 0.455142 0.750000 0.457330 0.752778 0.457330 0.755556 0.459519 0.755556 0.459519 0.752778 0.461707 0.750000 0.461707 0.741667 0.459519 0.738889 0.463895 0.733333 0.466083 0.733333 0.472648 0.741667 0.472648 0.750000 0.474836 0.750000 0.477024 0.747222 0.483589 0.747222 0.485777 0.750000 0.487965 0.750000 0.490153 0.752778 0.498906 0.752778 0.498906 0.741667 0.501094 0.738889 0.501094 0.736111 0.507659 0.727778 0.509847 0.727778 0.512035 0.725000 0.514223 0.725000 0.516411 0.727778 0.522976 0.727778 0.525164 0.730556 0.542670 0.730556 0.544858 0.733333 0.557987 0.733333 0.564551 0.725000 0.573304 0.725000 0.577681 0.730556 0.577681 0.736111 0.573304 0.741667 0.568928 0.741667 0.568928 0.744444 0.571116 0.744444 0.575492 0.750000 0.577681 0.750000 0.582057 0.755556 0.582057 0.766667 0.586433 0.766667 0.586433 0.744444 0.584245 0.741667 0.584245 0.733333 0.588621 0.727778 0.590810 0.727778 0.592998 0.725000 0.610503 0.725000 0.612691 0.727778 0.619256 0.727778 0.621444 0.730556 0.623632 0.730556 0.625821 0.727778 0.630197 0.727778 0.634573 0.733333 0.641138 0.733333 0.645514 0.738889 0.645514 0.741667 0.643326 0.744444 0.643326 0.758333 0.645514 0.761111 0.645514 0.763889 0.643326 0.766667 0.643326 0.772222 0.645514 0.775000 0.645514 0.797222 0.643326 0.800000 0.643326 0.805556 0.647702 0.811111 0.649891 0.808333 0.649891 0.805556 0.647702 0.802778 0.647702 0.797222 0.649891 0.794444 0.649891 0.777778 0.647702 0.775000 0.647702 0.752778 0.649891 0.750000 0.649891 0.736111 0.654267 0.730556 0.663020 0.730556 0.665208 0.733333 0.667396 0.733333 0.669584 0.736111 0.671772 0.736111 0.676149 0.741667 0.680525 0.741667 0.682713 0.744444 0.693654 0.744444 0.695842 0.747222 0.698031 0.747222 0.700219 0.744444 0.717724 0.744444 0.719912 0.747222 0.724289 0.747222 0.726477 0.750000 0.726477 0.761111 0.724289 0.763889 0.724289 0.766667 0.722101 0.769444 0.722101 0.772222 0.713348 0.783333 0.704595 0.783333 0.700219 0.777778 0.691466 0.788889 0.693654 0.791667 0.695842 0.788889 0.713348 0.788889 0.717724 0.783333 0.719912 0.783333 0.724289 0.777778 0.724289 0.772222 0.728665 0.766667 0.728665 0.761111 0.733042 0.755556 0.737418 0.755556 0.739606 0.758333 0.739606 0.763889 0.737418 0.766667 0.737418 0.769444 0.739606 0.769444 0.743982 0.763889 0.743982 0.761111 0.748359 0.755556 0.750547 0.755556 0.752735 0.758333 0.754923 0.758333 0.757112 0.755556 0.765864 0.755556 0.768053 0.758333 0.770241 0.758333 0.774617 0.752778 0.776805 0.752778 0.778993 0.750000 0.794311 0.750000 0.796499 0.747222 0.794311 0.744444 0.768053 0.744444 0.765864 0.747222 0.759300 0.747222 0.757112 0.744444 0.752735 0.744444 0.750547 0.747222 0.739606 0.747222 0.737418 0.744444 0.735230 0.744444 0.733042 0.741667 0.730853 0.741667 0.728665 0.738889 0.726477 0.738889 0.724289 0.736111 0.722101 0.736111 0.719912 0.733333 0.713348 0.733333 0.708972 0.727778 0.708972 0.722222 0.713348 0.716667 0.713348 0.711111 0.711160 0.708333 0.691466 0.733333 0.682713 0.733333 0.680525 0.730556 0.678337 0.730556 0.676149 0.727778 0.673961 0.727778 0.669584 0.722222 0.669584 0.716667 0.663020 0.708333 0.660832 0.711111 0.660832 0.716667 0.656455 0.722222 0.649891 0.722222 0.647702 0.725000 0.641138 0.725000 0.638950 0.722222 0.636761 0.722222 0.632385 0.716667 0.632385 0.713889 0.630197 0.711111 0.628009 0.711111 0.623632 0.716667 0.614880 0.716667 0.610503 0.711111 0.606127 0.711111 0.601751 0.716667 0.592998 0.716667 0.590810 0.719444 0.579869 0.719444 0.566740 0.702778 0.566740 0.694444 0.564551 0.691667 0.560175 0.697222 0.562363 0.700000 0.562363 0.705556 0.564551 0.708333 0.564551 0.711111 0.566740 0.713889 0.562363 0.719444 0.560175 0.719444 0.557987 0.722222 0.555799 0.722222 0.553611 0.725000 0.544858 0.725000 0.542670 0.722222 0.540481 0.722222 0.538293 0.719444 0.533917 0.719444 0.531729 0.722222 0.525164 0.722222 0.522976 0.719444 0.518600 0.719444 0.512035 0.711111 0.509847 0.713889 0.494530 0.713889 0.490153 0.708333 0.490153 0.705556 0.487965 0.702778 0.485777 0.702778 0.483589 0.705556 0.487965 0.711111 0.490153 0.711111 0.496718 0.719444 0.496718 0.722222 0.492341 0.727778 0.487965 0.727778 0.485777 0.730556 0.487965 0.733333 0.494530 0.733333 0.498906 0.738889 0.498906 0.741667 0.494530 0.747222 0.490153 0.747222 0.487965 0.744444 0.481400 0.744444 0.479212 0.741667 0.477024 0.741667 0.466083 0.727778 0.466083 0.725000 0.470460 0.719444 0.472648 0.719444 0.477024 0.725000 0.479212 0.725000 0.481400 0.722222 0.481400 0.719444 0.479212 0.716667 0.477024 0.716667 0.474836 0.713889 0.468271 0.713889 0.459519 0.725000 0.457330 0.725000 0.452954 0.719444 0.452954 0.716667 0.455142 0.713889 0.455142 0.711111 0.446389 0.711111 0.444201 0.713889 0.442013 0.713889 0.439825 0.711111 0.435449 0.711111 0.433260 0.713889 0.426696 0.713889 0.420131 0.705556 0.420131 0.697222 0.422319 0.694444 0.422319 0.691667 0.420131 0.688889
0 0.888403 0.737500 0.223195 0.152778 0.956236 0.661111 0.954048 0.663889 0.954048 0.669444 0.949672 0.675000 0.947484 0.675000 0.938731 0.686111 0.936543 0.686111 0.932166 0.691667 0.929978 0.691667 0.927790 0.688889 0.925602 0.691667 0.929978 0.697222 0.929978 0.702778 0.927790 0.705556 0.927790 0.708333 0.929978 0.705556 0.934354 0.705556 0.936543 0.702778 0.936543 0.694444 0.940919 0.688889 0.945295 0.688889 0.949672 0.694444 0.949672 0.705556 0.947484 0.708333 0.947484 0.713889 0.938731 0.725000 0.934354 0.725000 0.929978 0.730556 0.921225 0.730556 0.912473 0.719444 0.912473 0.713889 0.914661 0.711111 0.914661 0.705556 0.912473 0.702778 0.912473 0.697222 0.910284 0.697222 0.908096 0.700000 0.908096 0.708333 0.903720 0.713889 0.903720 0.719444 0.897155 0.727778 0.894967 0.727778 0.890591 0.722222 0.890591 0.716667 0.886214 0.711111 0.886214 0.705556 0.884026 0.702778 0.875274 0.713889 0.868709 0.713889 0.866521 0.711111 0.866521 0.705556 0.868709 0.702778 0.868709 0.700000 0.873085 0.694444 0.877462 0.694444 0.879650 0.691667 0.886214 0.691667 0.888403 0.688889 0.888403 0.683333 0.886214 0.683333 0.881838 0.677778 0.879650 0.677778 0.870897 0.688889 0.868709 0.688889 0.866521 0.686111 0.864333 0.688889 0.864333 0.691667 0.866521 0.694444 0.866521 0.697222 0.862144 0.702778 0.862144 0.708333 0.855580 0.716667 0.853392 0.716667 0.849015 0.711111 0.846827 0.713889 0.846827 0.716667 0.844639 0.719444 0.844639 0.722222 0.846827 0.722222 0.846827 0.719444 0.849015 0.716667 0.853392 0.716667 0.859956 0.725000 0.859956 0.727778 0.855580 0.733333 0.849015 0.733333 0.846827 0.730556 0.842451 0.730556 0.840263 0.733333 0.833698 0.733333 0.831510 0.730556 0.827133 0.730556 0.820569 0.738889 0.809628 0.738889 0.807440 0.736111 0.805252 0.738889 0.805252 0.744444 0.807440 0.747222 0.807440 0.750000 0.805252 0.752778 0.805252 0.755556 0.798687 0.763889 0.796499 0.763889 0.789934 0.772222 0.787746 0.772222 0.781182 0.780556 0.778993 0.780556 0.776805 0.783333 0.776805 0.788889 0.781182 0.788889 0.785558 0.783333 0.792123 0.783333 0.792123 0.772222 0.796499 0.766667 0.800875 0.766667 0.805252 0.772222 0.805252 0.780556 0.811816 0.788889 0.811816 0.797222 0.807440 0.802778 0.807440 0.811111 0.809628 0.811111 0.809628 0.802778 0.818381 0.791667 0.820569 0.791667 0.822757 0.788889 0.816193 0.788889 0.809628 0.780556 0.809628 0.775000 0.814004 0.769444 0.814004 0.766667 0.809628 0.766667 0.805252 0.761111 0.805252 0.758333 0.811816 0.750000 0.814004 0.750000 0.816193 0.752778 0.820569 0.752778 0.820569 0.750000 0.824945 0.744444 0.827133 0.744444 0.829322 0.741667 0.844639 0.741667 0.846827 0.738889 0.851204 0.738889 0.855580 0.744444 0.855580 0.747222 0.853392 0.750000 0.853392 0.752778 0.857768 0.752778 0.859956 0.750000 0.862144 0.750000 0.866521 0.744444 0.868709 0.744444 0.870897 0.741667 0.888403 0.741667 0.890591 0.738889 0.892779 0.738889 0.894967 0.736111 0.897155 0.736111 0.899344 0.733333 0.905908 0.733333 0.908096 0.736111 0.919037 0.736111 0.921225 0.738889 0.923414 0.738889 0.932166 0.750000 0.934354 0.747222 0.934354 0.744444 0.932166 0.741667 0.932166 0.738889 0.938731 0.730556 0.947484 0.730556 0.949672 0.727778 0.951860 0.727778 0.954048 0.725000 0.960613 0.725000 0.962801 0.727778 0.964989 0.727778 0.969365 0.733333 0.973742 0.733333 0.978118 0.738889 0.978118 0.741667 0.975930 0.744444 0.978118 0.747222 0.980306 0.744444 0.984683 0.744444 0.986871 0.747222 0.989059 0.747222 0.993435 0.752778 0.993435 0.758333 0.989059 0.763889 0.984683 0.763889 0.982495 0.761111 0.982495 0.758333 0.980306 0.755556 0.978118 0.755556 0.978118 0.761111 0.980306 0.763889 0.980306 0.772222 0.982495 0.775000 0.982495 0.780556 0.978118 0.786111 0.978118 0.788889 0.982495 0.794444 0.984683 0.794444 0.989059 0.788889 0.989059 0.786111 0.984683 0.780556 0.984683 0.775000 0.991247 0.766667 0.995624 0.766667 0.997812 0.763889 0.997812 0.755556 0.993435 0.750000 0.993435 0.744444 0.991247 0.744444 0.982495 0.733333 0.982495 0.730556 0.989059 0.722222 0.997812 0.722222 0.997812 0.713889 0.995624 0.713889 0.989059 0.705556 0.986871 0.705556 0.984683 0.708333 0.984683 0.713889 0.978118 0.722222 0.975930 0.722222 0.973742 0.725000 0.971554 0.725000 0.964989 0.716667 0.964989 0.713889 0.962801 0.711111 0.960613 0.711111 0.956236 0.716667 0.951860 0.716667 0.949672 0.713889 0.949672 0.711111 0.951860 0.708333 0.951860 0.705556 0.954048 0.702778 0.954048 0.686111 0.951860 0.683333 0.951860 0.677778 0.956236 0.672222 0.958425 0.672222 0.967177 0.683333 0.971554 0.683333 0.973742 0.680556 0.973742 0.677778 0.971554 0.675000 0.975930 0.669444 0.982495 0.677778 0.984683 0.675000 0.997812 0.675000 0.997812 0.669444 0.991247 0.669444 0.984683 0.661111 0.982495 0.661111 0.978118 0.666667 0.973742 0.666667 0.969365 0.672222 0.964989 0.672222
0 0.056893 0.640278 0.113786 0.119444 0.006565 0.580556 0.002188 0.586111 0.000000 0.586111 0.000000 0.591667 0.008753 0.591667 0.013129 0.597222 0.015317 0.597222 0.026258 0.611111 0.026258 0.622222 0.028446 0.625000 0.028446 0.633333 0.021882 0.641667 0.019694 0.641667 0.017505 0.644444 0.017505 0.647222 0.013129 0.652778 0.008753 0.652778 0.006565 0.655556 0.010941 0.661111 0.010941 0.666667 0.006565 0.672222 0.000000 0.672222 0.000000 0.677778 0.002188 0.675000 0.010941 0.675000 0.013129 0.672222 0.017505 0.672222 0.021882 0.677778 0.021882 0.680556 0.026258 0.686111 0.026258 0.688889 0.024070 0.691667 0.024070 0.694444 0.026258 0.697222 0.028446 0.694444 0.028446 0.691667 0.030635 0.688889 0.030635 0.683333 0.035011 0.677778 0.037199 0.677778 0.039387 0.675000 0.045952 0.675000 0.048140 0.677778 0.050328 0.677778 0.054705 0.672222 0.061269 0.672222 0.063457 0.669444 0.063457 0.663889 0.067834 0.658333 0.072210 0.658333 0.074398 0.661111 0.078775 0.661111 0.080963 0.658333 0.080963 0.655556 0.087527 0.647222 0.089716 0.647222 0.091904 0.644444 0.091904 0.638889 0.087527 0.633333 0.087527 0.622222 0.094092 0.613889 0.096280 0.613889 0.100656 0.619444 0.100656 0.647222 0.098468 0.650000 0.098468 0.655556 0.100656 0.655556 0.100656 0.652778 0.102845 0.650000 0.102845 0.647222 0.107221 0.641667 0.109409 0.641667 0.111597 0.644444 0.111597 0.641667 0.107221 0.636111 0.107221 0.633333 0.102845 0.627778 0.102845 0.608333 0.100656 0.605556 0.091904 0.605556 0.089716 0.608333 0.089716 0.613889 0.085339 0.619444 0.085339 0.627778 0.080963 0.633333 0.080963 0.644444 0.074398 0.652778 0.072210 0.652778 0.070022 0.655556 0.065646 0.650000 0.065646 0.641667 0.067834 0.638889 0.067834 0.636111 0.065646 0.636111 0.061269 0.641667 0.061269 0.644444 0.063457 0.647222 0.063457 0.650000 0.059081 0.655556 0.059081 0.666667 0.056893 0.669444 0.052516 0.669444 0.050328 0.666667 0.050328 0.661111 0.052516 0.658333 0.052516 0.655556 0.050328 0.652778 0.048140 0.655556 0.048140 0.661111 0.041575 0.669444 0.039387 0.669444 0.035011 0.675000 0.026258 0.675000 0.024070 0.672222 0.021882 0.672222 0.017505 0.666667 0.017505 0.661111 0.019694 0.658333 0.019694 0.655556 0.024070 0.650000 0.028446 0.650000 0.032823 0.655556 0.037199 0.655556 0.037199 0.647222 0.032823 0.641667 0.032823 0.638889 0.030635 0.636111 0.030635 0.619444 0.032823 0.616667 0.032823 0.605556 0.030635 0.602778 0.028446 0.602778 0.026258 0.600000 0.026258 0.588889 0.028446 0.586111 0.026258 0.583333 0.024070 0.586111 0.024070 0.588889 0.019694 0.594444 0.017505 0.594444 0.015317 0.591667 0.013129 0.591667 0.008753 0.586111 0.008753 0.583333
0 0.831510 0.633333 0.083151 0.127778 0.831510 0.569444 0.831510 0.572222 0.833698 0.572222 0.835886 0.575000 0.840263 0.575000 0.842451 0.577778 0.842451 0.588889 0.835886 0.597222 0.831510 0.597222 0.829322 0.600000 0.827133 0.600000 0.824945 0.597222 0.822757 0.597222 0.820569 0.594444 0.818381 0.597222 0.818381 0.600000 0.816193 0.602778 0.816193 0.605556 0.818381 0.608333 0.818381 0.613889 0.811816 0.622222 0.807440 0.622222 0.805252 0.619444 0.792123 0.619444 0.789934 0.622222 0.789934 0.625000 0.792123 0.627778 0.794311 0.627778 0.796499 0.625000 0.803063 0.625000 0.805252 0.627778 0.805252 0.633333 0.800875 0.638889 0.798687 0.638889 0.800875 0.638889 0.803063 0.641667 0.805252 0.641667 0.807440 0.644444 0.818381 0.644444 0.824945 0.652778 0.824945 0.655556 0.818381 0.663889 0.816193 0.663889 0.814004 0.661111 0.809628 0.661111 0.805252 0.655556 0.803063 0.655556 0.800875 0.658333 0.800875 0.661111 0.803063 0.663889 0.809628 0.663889 0.811816 0.666667 0.818381 0.666667 0.822757 0.672222 0.822757 0.675000 0.820569 0.677778 0.820569 0.680556 0.816193 0.686111 0.816193 0.688889 0.814004 0.691667 0.816193 0.694444 0.820569 0.688889 0.820569 0.686111 0.822757 0.683333 0.822757 0.675000 0.824945 0.672222 0.824945 0.655556 0.829322 0.650000 0.840263 0.650000 0.842451 0.647222 0.846827 0.647222 0.857768 0.661111 0.859956 0.661111 0.864333 0.666667 0.864333 0.672222 0.866521 0.675000 0.870897 0.669444 0.870897 0.666667 0.866521 0.661111 0.866521 0.655556 0.864333 0.652778 0.862144 0.655556 0.857768 0.655556 0.853392 0.650000 0.853392 0.641667 0.855580 0.638889 0.855580 0.636111 0.859956 0.630556 0.862144 0.630556 0.862144 0.627778 0.855580 0.619444 0.851204 0.625000 0.853392 0.627778 0.853392 0.633333 0.849015 0.638889 0.846827 0.638889 0.842451 0.633333 0.842451 0.627778 0.840263 0.627778 0.840263 0.633333 0.842451 0.636111 0.842451 0.638889 0.838074 0.644444 0.833698 0.644444 0.827133 0.636111 0.822757 0.636111 0.818381 0.641667 0.814004 0.641667 0.809628 0.636111 0.809628 0.630556 0.814004 0.625000 0.818381 0.625000 0.820569 0.622222 0.820569 0.613889 0.824945 0.608333 0.827133 0.608333 0.831510 0.613889 0.831510 0.616667 0.833698 0.616667 0.833698 0.611111 0.831510 0.608333 0.831510 0.605556 0.835886 0.600000 0.838074 0.600000 0.840263 0.597222 0.842451 0.597222 0.844639 0.600000 0.846827 0.600000 0.846827 0.586111 0.844639 0.583333 0.849015 0.577778 0.853392 0.577778 0.853392 0.575000 0.846827 0.575000 0.842451 0.569444
0 0.257112 0.640278 0.277899 0.291667 0.295405 0.494444 0.293217 0.497222 0.295405 0.500000 0.295405 0.502778 0.288840 0.511111 0.282276 0.511111 0.275711 0.502778 0.273523 0.502778 0.269147 0.508333 0.269147 0.511111 0.271335 0.513889 0.271335 0.536111 0.269147 0.538889 0.269147 0.541667 0.271335 0.544444 0.271335 0.550000 0.273523 0.552778 0.275711 0.550000 0.275711 0.536111 0.282276 0.527778 0.284464 0.527778 0.288840 0.533333 0.288840 0.547222 0.291028 0.550000 0.291028 0.552778 0.295405 0.558333 0.295405 0.569444 0.301969 0.577778 0.301969 0.597222 0.308534 0.605556 0.308534 0.608333 0.310722 0.611111 0.310722 0.616667 0.306346 0.622222 0.291028 0.622222 0.288840 0.625000 0.291028 0.627778 0.291028 0.630556 0.288840 0.633333 0.288840 0.638889 0.291028 0.641667 0.304158 0.625000 0.306346 0.625000 0.308534 0.627778 0.308534 0.633333 0.306346 0.636111 0.306346 0.644444 0.301969 0.650000 0.301969 0.652778 0.306346 0.658333 0.306346 0.669444 0.304158 0.672222 0.304158 0.691667 0.306346 0.691667 0.306346 0.686111 0.308534 0.683333 0.308534 0.677778 0.315098 0.669444 0.317287 0.669444 0.321663 0.675000 0.321663 0.677778 0.323851 0.680556 0.323851 0.683333 0.319475 0.688889 0.319475 0.700000 0.323851 0.705556 0.323851 0.711111 0.339168 0.711111 0.345733 0.702778 0.347921 0.702778 0.352298 0.708333 0.352298 0.713889 0.343545 0.725000 0.321663 0.725000 0.317287 0.719444 0.317287 0.716667 0.315098 0.713889 0.312910 0.716667 0.312910 0.719444 0.304158 0.730556 0.297593 0.730556 0.295405 0.727778 0.293217 0.727778 0.288840 0.722222 0.288840 0.713889 0.286652 0.713889 0.286652 0.716667 0.277899 0.727778 0.273523 0.727778 0.271335 0.725000 0.271335 0.722222 0.269147 0.719444 0.266958 0.719444 0.260394 0.711111 0.260394 0.702778 0.258206 0.700000 0.251641 0.708333 0.236324 0.708333 0.234136 0.711111 0.236324 0.713889 0.238512 0.711111 0.258206 0.711111 0.262582 0.716667 0.262582 0.719444 0.256018 0.727778 0.240700 0.727778 0.234136 0.719444 0.231947 0.722222 0.231947 0.730556 0.225383 0.738889 0.214442 0.738889 0.210066 0.733333 0.203501 0.733333 0.196937 0.725000 0.194748 0.725000 0.192560 0.727778 0.196937 0.733333 0.196937 0.738889 0.194748 0.741667 0.190372 0.741667 0.181619 0.730556 0.179431 0.730556 0.175055 0.725000 0.168490 0.725000 0.166302 0.727778 0.140044 0.727778 0.135667 0.722222 0.135667 0.708333 0.137856 0.705556 0.137856 0.700000 0.133479 0.694444 0.133479 0.691667 0.131291 0.688889 0.131291 0.680556 0.129103 0.677778 0.129103 0.675000 0.126915 0.672222 0.126915 0.658333 0.124726 0.655556 0.122538 0.658333 0.122538 0.675000 0.120350 0.677778 0.120350 0.683333 0.126915 0.691667 0.126915 0.702778 0.129103 0.705556 0.129103 0.711111 0.131291 0.713889 0.131291 0.716667 0.129103 0.719444 0.129103 0.722222 0.122538 0.730556 0.120350 0.730556 0.118162 0.733333 0.120350 0.736111 0.124726 0.736111 0.126915 0.733333 0.144420 0.733333 0.146608 0.736111 0.148796 0.736111 0.150985 0.733333 0.164114 0.733333 0.166302 0.736111 0.172867 0.736111 0.175055 0.738889 0.179431 0.738889 0.185996 0.747222 0.185996 0.755556 0.188184 0.755556 0.192560 0.750000 0.196937 0.750000 0.199125 0.752778 0.203501 0.752778 0.205689 0.750000 0.207877 0.750000 0.212254 0.755556 0.212254 0.758333 0.214442 0.761111 0.216630 0.761111 0.216630 0.752778 0.221007 0.747222 0.223195 0.747222 0.225383 0.744444 0.229759 0.744444 0.236324 0.752778 0.236324 0.763889 0.238512 0.766667 0.238512 0.775000 0.236324 0.777778 0.236324 0.780556 0.238512 0.783333 0.240700 0.780556 0.240700 0.777778 0.245077 0.772222 0.247265 0.772222 0.247265 0.769444 0.245077 0.769444 0.240700 0.763889 0.240700 0.755556 0.245077 0.750000 0.253829 0.750000 0.253829 0.747222 0.258206 0.741667 0.275711 0.741667 0.277899 0.738889 0.284464 0.738889 0.286652 0.736111 0.299781 0.736111 0.301969 0.738889 0.304158 0.738889 0.308534 0.744444 0.301969 0.752778 0.304158 0.755556 0.306346 0.755556 0.310722 0.761111 0.310722 0.766667 0.315098 0.766667 0.317287 0.763889 0.317287 0.761111 0.319475 0.758333 0.319475 0.755556 0.315098 0.750000 0.315098 0.738889 0.319475 0.733333 0.341357 0.733333 0.350109 0.744444 0.350109 0.750000 0.345733 0.755556 0.352298 0.763889 0.354486 0.763889 0.354486 0.750000 0.361050 0.741667 0.365427 0.741667 0.367615 0.738889 0.382932 0.738889 0.385120 0.736111 0.389497 0.736111 0.393873 0.730556 0.393873 0.725000 0.391685 0.722222 0.391685 0.708333 0.389497 0.705556 0.382932 0.705556 0.378556 0.711111 0.378556 0.713889 0.380744 0.716667 0.385120 0.716667 0.389497 0.722222 0.389497 0.725000 0.385120 0.730556 0.380744 0.730556 0.378556 0.733333 0.363239 0.733333 0.358862 0.727778 0.358862 0.725000 0.361050 0.722222 0.361050 0.716667 0.363239 0.713889 0.363239 0.697222 0.365427 0.694444 0.365427 0.686111 0.363239 0.683333 0.363239 0.669444 0.367615 0.663889 0.367615 0.661111 0.365427 0.661111 0.361050 0.655556 0.361050 0.652778 0.363239 0.650000 0.363239 0.647222 0.365427 0.644444 0.365427 0.630556 0.367615 0.627778 0.367615 0.619444 0.369803 0.616667 0.369803 0.613889 0.367615 0.616667 0.367615 0.619444 0.358862 0.630556 0.352298 0.622222 0.350109 0.622222 0.347921 0.625000 0.347921 0.630556 0.356674 0.630556 0.361050 0.636111 0.361050 0.644444 0.358862 0.647222 0.358862 0.669444 0.356674 0.672222 0.356674 0.691667 0.352298 0.697222 0.343545 0.697222 0.339168 0.691667 0.339168 0.686111 0.334792 0.686111 0.330416 0.680556 0.328228 0.680556 0.323851 0.675000 0.323851 0.669444 0.328228 0.663889 0.330416 0.663889 0.330416 0.658333 0.328228 0.655556 0.323851 0.655556 0.319475 0.661111 0.315098 0.661111 0.312910 0.658333 0.312910 0.633333 0.315098 0.630556 0.315098 0.627778 0.317287 0.625000 0.317287 0.608333 0.315098 0.605556 0.312910 0.605556 0.308534 0.600000 0.308534 0.591667 0.306346 0.588889 0.306346 0.577778 0.301969 0.572222 0.301969 0.566667 0.304158 0.563889 0.304158 0.561111 0.297593 0.552778 0.297593 0.550000 0.301969 0.544444 0.301969 0.541667 0.299781 0.541667 0.295405 0.536111 0.295405 0.513889 0.297593 0.511111 0.297593 0.497222
0 0.470460 0.541667 0.052516 0.138889 0.487965 0.472222 0.481400 0.480556 0.474836 0.480556 0.470460 0.475000 0.459519 0.475000 0.452954 0.483333 0.452954 0.488889 0.461707 0.500000 0.461707 0.511111 0.459519 0.513889 0.459519 0.525000 0.457330 0.527778 0.457330 0.530556 0.450766 0.538889 0.448578 0.538889 0.446389 0.541667 0.446389 0.544444 0.444201 0.547222 0.446389 0.550000 0.452954 0.550000 0.457330 0.555556 0.457330 0.558333 0.450766 0.566667 0.448578 0.566667 0.446389 0.569444 0.448578 0.572222 0.450766 0.572222 0.452954 0.569444 0.452954 0.566667 0.459519 0.558333 0.461707 0.558333 0.463895 0.561111 0.466083 0.561111 0.470460 0.566667 0.470460 0.569444 0.472648 0.572222 0.472648 0.586111 0.477024 0.591667 0.477024 0.600000 0.472648 0.605556 0.474836 0.608333 0.479212 0.608333 0.479212 0.586111 0.474836 0.580556 0.474836 0.575000 0.479212 0.569444 0.481400 0.569444 0.483589 0.566667 0.481400 0.563889 0.477024 0.563889 0.470460 0.555556 0.468271 0.558333 0.466083 0.558333 0.459519 0.550000 0.457330 0.550000 0.452954 0.544444 0.452954 0.541667 0.466083 0.525000 0.470460 0.525000 0.474836 0.530556 0.474836 0.533333 0.472648 0.536111 0.472648 0.538889 0.474836 0.541667 0.479212 0.541667 0.483589 0.536111 0.490153 0.536111 0.490153 0.533333 0.487965 0.530556 0.485777 0.533333 0.483589 0.533333 0.479212 0.527778 0.479212 0.525000 0.487965 0.513889 0.494530 0.513889 0.494530 0.511111 0.492341 0.511111 0.487965 0.505556 0.487965 0.494444 0.483589 0.488889 0.483589 0.483333 0.490153 0.475000 0.492341 0.475000 0.492341 0.472222
0 0.849015 0.513889 0.087527 0.150000 0.809628 0.438889 0.807440 0.441667 0.807440 0.444444 0.809628 0.447222 0.809628 0.455556 0.811816 0.452778 0.814004 0.452778 0.818381 0.458333 0.818381 0.463889 0.827133 0.475000 0.829322 0.475000 0.829322 0.469444 0.824945 0.463889 0.824945 0.458333 0.829322 0.452778 0.833698 0.452778 0.835886 0.455556 0.838074 0.455556 0.842451 0.461111 0.842451 0.480556 0.838074 0.486111 0.833698 0.486111 0.831510 0.483333 0.829322 0.486111 0.829322 0.488889 0.833698 0.494444 0.833698 0.497222 0.835886 0.497222 0.835886 0.491667 0.840263 0.486111 0.844639 0.491667 0.851204 0.491667 0.855580 0.497222 0.851204 0.502778 0.844639 0.502778 0.842451 0.505556 0.842451 0.508333 0.844639 0.511111 0.844639 0.519444 0.833698 0.533333 0.833698 0.538889 0.820569 0.555556 0.814004 0.555556 0.811816 0.552778 0.809628 0.552778 0.805252 0.558333 0.805252 0.561111 0.807440 0.563889 0.809628 0.563889 0.814004 0.569444 0.809628 0.575000 0.809628 0.580556 0.814004 0.586111 0.818381 0.586111 0.818381 0.583333 0.820569 0.580556 0.820569 0.563889 0.833698 0.547222 0.833698 0.541667 0.838074 0.536111 0.840263 0.536111 0.846827 0.544444 0.849015 0.541667 0.849015 0.533333 0.853392 0.527778 0.857768 0.533333 0.862144 0.533333 0.866521 0.527778 0.864333 0.525000 0.853392 0.525000 0.849015 0.519444 0.849015 0.513889 0.855580 0.505556 0.857768 0.505556 0.862144 0.511111 0.864333 0.511111 0.864333 0.502778 0.862144 0.500000 0.862144 0.497222 0.859956 0.494444 0.859956 0.491667 0.868709 0.480556 0.870897 0.483333 0.873085 0.483333 0.875274 0.480556 0.875274 0.469444 0.879650 0.463889 0.881838 0.463889 0.884026 0.466667 0.886214 0.466667 0.888403 0.463889 0.888403 0.461111 0.890591 0.458333 0.888403 0.455556 0.886214 0.455556 0.884026 0.458333 0.879650 0.458333 0.873085 0.450000 0.873085 0.447222 0.868709 0.441667 0.866521 0.441667 0.864333 0.444444 0.868709 0.450000 0.868709 0.463889 0.866521 0.466667 0.866521 0.477778 0.859956 0.486111 0.855580 0.486111 0.853392 0.483333 0.851204 0.483333 0.846827 0.477778 0.846827 0.469444 0.851204 0.463889 0.853392 0.463889 0.855580 0.461111 0.853392 0.458333 0.846827 0.458333 0.844639 0.455556 0.842451 0.455556 0.838074 0.450000 0.835886 0.450000 0.833698 0.447222 0.816193 0.447222
0 0.938731 0.550000 0.118162 0.238889 0.978118 0.430556 0.975930 0.433333 0.967177 0.433333 0.967177 0.436111 0.971554 0.441667 0.971554 0.444444 0.973742 0.447222 0.973742 0.450000 0.969365 0.455556 0.964989 0.455556 0.962801 0.452778 0.960613 0.452778 0.958425 0.450000 0.956236 0.450000 0.951860 0.444444 0.949672 0.444444 0.949672 0.450000 0.956236 0.458333 0.954048 0.461111 0.954048 0.469444 0.947484 0.477778 0.945295 0.477778 0.938731 0.486111 0.936543 0.486111 0.936543 0.488889 0.938731 0.488889 0.943107 0.494444 0.943107 0.502778 0.938731 0.508333 0.934354 0.508333 0.929978 0.502778 0.929978 0.500000 0.927790 0.497222 0.921225 0.505556 0.923414 0.508333 0.925602 0.508333 0.927790 0.511111 0.932166 0.511111 0.936543 0.516667 0.936543 0.530556 0.932166 0.536111 0.929978 0.536111 0.925602 0.530556 0.925602 0.527778 0.923414 0.525000 0.921225 0.525000 0.919037 0.527778 0.916849 0.527778 0.912473 0.522222 0.910284 0.525000 0.912473 0.525000 0.914661 0.527778 0.916849 0.527778 0.925602 0.538889 0.921225 0.544444 0.916849 0.544444 0.914661 0.547222 0.916849 0.550000 0.916849 0.552778 0.912473 0.558333 0.892779 0.558333 0.888403 0.563889 0.886214 0.563889 0.884026 0.566667 0.888403 0.572222 0.890591 0.572222 0.897155 0.563889 0.901532 0.563889 0.908096 0.572222 0.908096 0.575000 0.899344 0.586111 0.897155 0.586111 0.894967 0.588889 0.892779 0.588889 0.890591 0.591667 0.897155 0.591667 0.899344 0.588889 0.903720 0.588889 0.905908 0.591667 0.905908 0.602778 0.903720 0.605556 0.903720 0.608333 0.899344 0.613889 0.897155 0.613889 0.894967 0.616667 0.897155 0.619444 0.897155 0.630556 0.892779 0.636111 0.892779 0.641667 0.890591 0.644444 0.890591 0.655556 0.886214 0.661111 0.879650 0.661111 0.879650 0.663889 0.881838 0.666667 0.886214 0.666667 0.888403 0.663889 0.890591 0.663889 0.892779 0.661111 0.899344 0.661111 0.892779 0.652778 0.892779 0.650000 0.897155 0.644444 0.899344 0.644444 0.901532 0.641667 0.901532 0.633333 0.905908 0.627778 0.925602 0.627778 0.925602 0.613889 0.929978 0.608333 0.927790 0.608333 0.923414 0.613889 0.921225 0.613889 0.914661 0.622222 0.910284 0.622222 0.908096 0.619444 0.908096 0.611111 0.912473 0.605556 0.912473 0.600000 0.916849 0.594444 0.919037 0.594444 0.921225 0.591667 0.914661 0.583333 0.914661 0.577778 0.916849 0.575000 0.919037 0.575000 0.912473 0.566667 0.912473 0.563889 0.923414 0.550000 0.925602 0.550000 0.929978 0.555556 0.925602 0.561111 0.925602 0.563889 0.927790 0.566667 0.929978 0.566667 0.932166 0.569444 0.936543 0.569444 0.936543 0.561111 0.934354 0.558333 0.934354 0.550000 0.938731 0.544444 0.940919 0.544444 0.943107 0.541667 0.943107 0.538889 0.947484 0.533333 0.951860 0.538889 0.958425 0.538889 0.958425 0.533333 0.956236 0.530556 0.956236 0.527778 0.954048 0.525000 0.951860 0.525000 0.949672 0.527778 0.945295 0.527778 0.943107 0.525000 0.943107 0.511111 0.945295 0.508333 0.945295 0.505556 0.949672 0.500000 0.951860 0.502778 0.954048 0.502778 0.956236 0.500000 0.958425 0.500000 0.958425 0.494444 0.956236 0.491667 0.954048 0.491667 0.951860 0.494444 0.949672 0.494444 0.945295 0.488889 0.945295 0.486111 0.949672 0.480556 0.951860 0.480556 0.954048 0.483333 0.958425 0.483333 0.958425 0.469444 0.962801 0.463889 0.967177 0.463889 0.969365 0.466667 0.969365 0.472222 0.971554 0.475000 0.973742 0.475000 0.980306 0.466667 0.984683 0.466667 0.986871 0.463889 0.984683 0.461111 0.980306 0.461111 0.975930 0.455556 0.975930 0.450000 0.980306 0.444444 0.982495 0.447222 0.984683 0.447222 0.986871 0.450000 0.995624 0.450000 0.995624 0.447222 0.989059 0.447222 0.986871 0.444444 0.984683 0.444444 0.980306 0.438889 0.980306 0.430556
0 0.609409 0.529167 0.159737 0.308333 0.636761 0.375000 0.634573 0.377778 0.634573 0.388889 0.636761 0.391667 0.636761 0.400000 0.638950 0.402778 0.638950 0.405556 0.641138 0.408333 0.641138 0.411111 0.636761 0.416667 0.636761 0.422222 0.641138 0.427778 0.641138 0.444444 0.636761 0.450000 0.638950 0.452778 0.641138 0.452778 0.645514 0.458333 0.645514 0.461111 0.643326 0.463889 0.643326 0.472222 0.638950 0.477778 0.636761 0.477778 0.632385 0.483333 0.628009 0.483333 0.623632 0.477778 0.623632 0.475000 0.628009 0.469444 0.632385 0.469444 0.630197 0.466667 0.619256 0.466667 0.617068 0.463889 0.617068 0.458333 0.614880 0.458333 0.614880 0.463889 0.610503 0.469444 0.606127 0.469444 0.603939 0.472222 0.606127 0.475000 0.612691 0.475000 0.614880 0.477778 0.614880 0.483333 0.612691 0.486111 0.612691 0.491667 0.606127 0.500000 0.601751 0.500000 0.601751 0.502778 0.603939 0.502778 0.606127 0.505556 0.606127 0.508333 0.601751 0.513889 0.601751 0.516667 0.599562 0.519444 0.599562 0.522222 0.597374 0.525000 0.597374 0.527778 0.588621 0.538889 0.588621 0.541667 0.590810 0.541667 0.595186 0.547222 0.595186 0.550000 0.592998 0.552778 0.592998 0.555556 0.597374 0.561111 0.597374 0.566667 0.588621 0.577778 0.588621 0.580556 0.590810 0.580556 0.595186 0.586111 0.595186 0.597222 0.597374 0.600000 0.597374 0.602778 0.592998 0.608333 0.588621 0.608333 0.586433 0.605556 0.584245 0.605556 0.579869 0.611111 0.575492 0.611111 0.571116 0.605556 0.568928 0.608333 0.575492 0.616667 0.575492 0.627778 0.573304 0.630556 0.573304 0.638889 0.568928 0.644444 0.564551 0.644444 0.560175 0.638889 0.560175 0.633333 0.562363 0.630556 0.562363 0.625000 0.560175 0.622222 0.560175 0.611111 0.555799 0.605556 0.549234 0.613889 0.544858 0.613889 0.542670 0.611111 0.542670 0.597222 0.540481 0.597222 0.540481 0.605556 0.533917 0.613889 0.531729 0.613889 0.529540 0.616667 0.531729 0.619444 0.549234 0.619444 0.553611 0.625000 0.553611 0.636111 0.555799 0.638889 0.555799 0.641667 0.557987 0.644444 0.557987 0.650000 0.555799 0.652778 0.555799 0.658333 0.553611 0.661111 0.553611 0.666667 0.555799 0.669444 0.555799 0.672222 0.562363 0.680556 0.564551 0.680556 0.566740 0.677778 0.571116 0.677778 0.573304 0.675000 0.575492 0.675000 0.577681 0.672222 0.577681 0.669444 0.575492 0.666667 0.568928 0.675000 0.564551 0.675000 0.560175 0.669444 0.560175 0.663889 0.564551 0.658333 0.573304 0.658333 0.573304 0.655556 0.575492 0.652778 0.575492 0.633333 0.579869 0.627778 0.582057 0.627778 0.582057 0.625000 0.579869 0.622222 0.579869 0.616667 0.584245 0.611111 0.592998 0.611111 0.595186 0.613889 0.595186 0.619444 0.592998 0.622222 0.592998 0.627778 0.599562 0.636111 0.599562 0.638889 0.592998 0.647222 0.592998 0.650000 0.590810 0.652778 0.590810 0.655556 0.592998 0.655556 0.599562 0.647222 0.603939 0.647222 0.606127 0.644444 0.606127 0.638889 0.603939 0.636111 0.603939 0.625000 0.601751 0.622222 0.601751 0.600000 0.606127 0.594444 0.606127 0.591667 0.610503 0.586111 0.610503 0.583333 0.608315 0.583333 0.606127 0.586111 0.603939 0.586111 0.599562 0.580556 0.599562 0.577778 0.603939 0.572222 0.606127 0.572222 0.606127 0.569444 0.601751 0.563889 0.601751 0.561111 0.612691 0.547222 0.617068 0.547222 0.617068 0.544444 0.610503 0.544444 0.606127 0.550000 0.601751 0.550000 0.599562 0.547222 0.599562 0.536111 0.601751 0.533333 0.601751 0.525000 0.603939 0.522222 0.603939 0.519444 0.610503 0.511111 0.610503 0.508333 0.617068 0.500000 0.617068 0.497222 0.619256 0.494444 0.619256 0.491667 0.623632 0.486111 0.630197 0.486111 0.632385 0.483333 0.636761 0.483333 0.638950 0.486111 0.656455 0.486111 0.658643 0.488889 0.660832 0.488889 0.665208 0.494444 0.665208 0.497222 0.660832 0.502778 0.660832 0.505556 0.656455 0.511111 0.656455 0.513889 0.663020 0.505556 0.663020 0.500000 0.669584 0.491667 0.669584 0.483333 0.665208 0.477778 0.660832 0.477778 0.656455 0.483333 0.652079 0.483333 0.647702 0.477778 0.647702 0.472222 0.652079 0.466667 0.654267 0.466667 0.660832 0.458333 0.665208 0.458333 0.667396 0.461111 0.669584 0.461111 0.673961 0.466667 0.676149 0.466667 0.678337 0.463889 0.682713 0.463889 0.687090 0.458333 0.682713 0.452778 0.678337 0.452778 0.673961 0.458333 0.669584 0.458333 0.663020 0.450000 0.663020 0.447222 0.667396 0.441667 0.667396 0.430556 0.665208 0.427778 0.663020 0.430556 0.663020 0.433333 0.658643 0.438889 0.658643 0.450000 0.654267 0.455556 0.649891 0.450000 0.649891 0.433333 0.647702 0.430556 0.647702 0.419444 0.645514 0.416667 0.645514 0.413889 0.649891 0.408333 0.649891 0.405556 0.647702 0.405556 0.643326 0.400000 0.643326 0.394444 0.647702 0.388889 0.652079 0.388889 0.652079 0.386111 0.647702 0.380556 0.643326 0.380556 0.641138 0.377778 0.638950 0.377778
0 0.730853 0.455556 0.113786 0.166667 0.778993 0.372222 0.774617 0.377778 0.778993 0.383333 0.778993 0.405556 0.768053 0.419444 0.761488 0.419444 0.759300 0.416667 0.757112 0.419444 0.759300 0.422222 0.770241 0.422222 0.774617 0.427778 0.770241 0.433333 0.759300 0.433333 0.757112 0.436111 0.750547 0.436111 0.743982 0.444444 0.741794 0.444444 0.735230 0.436111 0.722101 0.436111 0.719912 0.438889 0.719912 0.444444 0.724289 0.450000 0.724289 0.458333 0.717724 0.466667 0.715536 0.466667 0.713348 0.469444 0.713348 0.472222 0.717724 0.477778 0.717724 0.480556 0.711160 0.488889 0.708972 0.488889 0.706783 0.486111 0.704595 0.486111 0.702407 0.488889 0.698031 0.488889 0.695842 0.491667 0.698031 0.494444 0.702407 0.494444 0.704595 0.491667 0.713348 0.491667 0.717724 0.486111 0.719912 0.486111 0.722101 0.483333 0.722101 0.480556 0.724289 0.477778 0.724289 0.469444 0.726477 0.466667 0.726477 0.463889 0.728665 0.461111 0.728665 0.447222 0.733042 0.441667 0.735230 0.441667 0.741794 0.450000 0.741794 0.455556 0.737418 0.461111 0.737418 0.466667 0.741794 0.466667 0.748359 0.458333 0.750547 0.458333 0.750547 0.444444 0.754923 0.438889 0.759300 0.438889 0.763676 0.444444 0.763676 0.461111 0.768053 0.466667 0.768053 0.475000 0.761488 0.483333 0.757112 0.483333 0.754923 0.486111 0.748359 0.486111 0.746171 0.483333 0.741794 0.483333 0.726477 0.502778 0.717724 0.502778 0.715536 0.505556 0.708972 0.505556 0.706783 0.508333 0.700219 0.508333 0.689278 0.522222 0.687090 0.522222 0.682713 0.516667 0.682713 0.508333 0.680525 0.505556 0.673961 0.505556 0.673961 0.508333 0.678337 0.513889 0.678337 0.516667 0.676149 0.519444 0.684902 0.530556 0.684902 0.536111 0.687090 0.536111 0.689278 0.533333 0.689278 0.527778 0.693654 0.522222 0.698031 0.522222 0.700219 0.525000 0.706783 0.525000 0.708972 0.527778 0.715536 0.527778 0.717724 0.530556 0.724289 0.530556 0.726477 0.527778 0.724289 0.525000 0.719912 0.525000 0.715536 0.519444 0.728665 0.502778 0.730853 0.502778 0.733042 0.500000 0.737418 0.500000 0.741794 0.505556 0.741794 0.508333 0.735230 0.516667 0.735230 0.519444 0.737418 0.522222 0.741794 0.522222 0.741794 0.516667 0.746171 0.511111 0.752735 0.519444 0.761488 0.519444 0.763676 0.522222 0.763676 0.533333 0.765864 0.536111 0.768053 0.533333 0.768053 0.522222 0.772429 0.516667 0.774617 0.516667 0.774617 0.513889 0.772429 0.511111 0.770241 0.511111 0.768053 0.513889 0.757112 0.513889 0.754923 0.511111 0.752735 0.511111 0.750547 0.508333 0.748359 0.508333 0.743982 0.502778 0.743982 0.500000 0.748359 0.494444 0.750547 0.494444 0.752735 0.491667 0.757112 0.491667 0.759300 0.488889 0.761488 0.488889 0.763676 0.486111 0.772429 0.486111 0.772429 0.483333 0.776805 0.477778 0.776805 0.475000 0.774617 0.475000 0.770241 0.469444 0.770241 0.461111 0.768053 0.458333 0.768053 0.447222 0.772429 0.441667 0.774617 0.444444 0.781182 0.444444 0.781182 0.441667 0.776805 0.436111 0.776805 0.433333 0.781182 0.427778 0.781182 0.413889 0.785558 0.408333 0.785558 0.402778 0.781182 0.397222 0.781182 0.394444 0.783370 0.391667 0.783370 0.388889 0.781182 0.386111 0.781182 0.372222
0 0.142232 0.447222 0.043764 0.183333 0.144420 0.355556 0.142232 0.358333 0.142232 0.366667 0.140044 0.369444 0.140044 0.375000 0.142232 0.377778 0.142232 0.386111 0.140044 0.388889 0.140044 0.391667 0.137856 0.394444 0.137856 0.397222 0.135667 0.400000 0.135667 0.405556 0.129103 0.413889 0.122538 0.413889 0.120350 0.416667 0.124726 0.416667 0.131291 0.425000 0.131291 0.430556 0.126915 0.436111 0.124726 0.436111 0.120350 0.441667 0.120350 0.444444 0.122538 0.447222 0.124726 0.444444 0.126915 0.444444 0.131291 0.450000 0.126915 0.455556 0.126915 0.461111 0.129103 0.463889 0.129103 0.472222 0.131291 0.475000 0.131291 0.483333 0.126915 0.488889 0.126915 0.491667 0.131291 0.491667 0.137856 0.483333 0.140044 0.483333 0.146608 0.491667 0.146608 0.511111 0.144420 0.513889 0.144420 0.527778 0.148796 0.527778 0.155361 0.536111 0.161926 0.536111 0.161926 0.533333 0.159737 0.530556 0.157549 0.530556 0.155361 0.527778 0.155361 0.519444 0.153173 0.516667 0.153173 0.483333 0.155361 0.480556 0.150985 0.480556 0.148796 0.483333 0.144420 0.483333 0.142232 0.480556 0.142232 0.472222 0.140044 0.469444 0.140044 0.463889 0.146608 0.455556 0.148796 0.455556 0.150985 0.458333 0.153173 0.458333 0.153173 0.444444 0.148796 0.444444 0.142232 0.452778 0.137856 0.452778 0.135667 0.450000 0.135667 0.447222 0.137856 0.444444 0.137856 0.425000 0.140044 0.422222 0.140044 0.416667 0.142232 0.413889 0.142232 0.411111 0.140044 0.408333 0.140044 0.400000 0.142232 0.397222 0.142232 0.394444 0.146608 0.388889 0.148796 0.388889 0.150985 0.391667 0.153173 0.391667 0.157549 0.386111 0.157549 0.380556 0.155361 0.380556 0.153173 0.383333 0.150985 0.383333 0.146608 0.377778 0.146608 0.363889 0.148796 0.361111 0.148796 0.358333 0.146608 0.355556
0 0.896061 0.401389 0.129103 0.130556 0.899344 0.336111 0.894967 0.341667 0.894967 0.350000 0.890591 0.355556 0.890591 0.358333 0.894967 0.363889 0.894967 0.369444 0.881838 0.386111 0.875274 0.386111 0.868709 0.377778 0.866521 0.380556 0.862144 0.380556 0.859956 0.383333 0.857768 0.383333 0.855580 0.386111 0.853392 0.386111 0.851204 0.383333 0.851204 0.375000 0.849015 0.372222 0.842451 0.372222 0.838074 0.366667 0.838074 0.363889 0.840263 0.361111 0.840263 0.358333 0.833698 0.358333 0.831510 0.361111 0.831510 0.363889 0.844639 0.380556 0.846827 0.380556 0.851204 0.386111 0.851204 0.397222 0.849015 0.400000 0.849015 0.402778 0.849015 0.400000 0.853392 0.394444 0.853392 0.391667 0.857768 0.386111 0.870897 0.386111 0.877462 0.394444 0.877462 0.397222 0.875274 0.400000 0.875274 0.405556 0.881838 0.405556 0.884026 0.402778 0.886214 0.402778 0.890591 0.408333 0.890591 0.411111 0.881838 0.422222 0.884026 0.425000 0.886214 0.425000 0.888403 0.427778 0.890591 0.427778 0.894967 0.433333 0.894967 0.447222 0.897155 0.450000 0.897155 0.452778 0.894967 0.455556 0.894967 0.458333 0.899344 0.463889 0.901532 0.463889 0.901532 0.452778 0.910284 0.441667 0.910284 0.438889 0.923414 0.422222 0.925602 0.422222 0.927790 0.425000 0.927790 0.436111 0.929978 0.433333 0.929978 0.430556 0.932166 0.427778 0.932166 0.422222 0.936543 0.416667 0.943107 0.416667 0.945295 0.413889 0.945295 0.408333 0.954048 0.397222 0.956236 0.397222 0.958425 0.394444 0.958425 0.391667 0.956236 0.391667 0.954048 0.394444 0.951860 0.394444 0.949672 0.397222 0.947484 0.397222 0.943107 0.391667 0.940919 0.391667 0.940919 0.397222 0.943107 0.400000 0.936543 0.408333 0.934354 0.408333 0.932166 0.405556 0.929978 0.408333 0.929978 0.413889 0.923414 0.422222 0.921225 0.422222 0.919037 0.419444 0.903720 0.438889 0.899344 0.438889 0.897155 0.436111 0.897155 0.430556 0.890591 0.422222 0.890591 0.416667 0.901532 0.402778 0.908096 0.402778 0.910284 0.400000 0.908096 0.397222 0.903720 0.397222 0.901532 0.400000 0.899344 0.400000 0.894967 0.394444 0.890591 0.394444 0.886214 0.400000 0.881838 0.394444 0.888403 0.386111 0.894967 0.386111 0.894967 0.380556 0.892779 0.377778 0.892779 0.375000 0.899344 0.366667 0.901532 0.366667 0.901532 0.361111 0.899344 0.358333 0.899344 0.350000 0.903720 0.344444 0.905908 0.344444 0.908096 0.347222 0.910284 0.347222 0.912473 0.344444 0.923414 0.344444 0.923414 0.341667 0.914661 0.341667 0.912473 0.344444 0.910284 0.344444 0.903720 0.336111
0 0.307440 0.411111 0.089716 0.155556 0.317287 0.333333 0.315098 0.336111 0.308534 0.336111 0.301969 0.344444 0.297593 0.344444 0.293217 0.350000 0.293217 0.352778 0.295405 0.355556 0.295405 0.363889 0.288840 0.372222 0.288840 0.388889 0.286652 0.391667 0.286652 0.397222 0.284464 0.400000 0.284464 0.402778 0.275711 0.413889 0.275711 0.416667 0.273523 0.419444 0.273523 0.422222 0.262582 0.436111 0.264770 0.438889 0.266958 0.436111 0.269147 0.436111 0.271335 0.433333 0.273523 0.433333 0.273523 0.425000 0.282276 0.413889 0.284464 0.413889 0.286652 0.411111 0.288840 0.411111 0.291028 0.408333 0.291028 0.400000 0.295405 0.394444 0.299781 0.394444 0.304158 0.400000 0.304158 0.413889 0.299781 0.419444 0.299781 0.422222 0.291028 0.433333 0.288840 0.433333 0.286652 0.430556 0.282276 0.430556 0.280088 0.433333 0.284464 0.438889 0.284464 0.441667 0.280088 0.447222 0.280088 0.450000 0.282276 0.452778 0.282276 0.458333 0.277899 0.463889 0.277899 0.483333 0.280088 0.486111 0.282276 0.483333 0.288840 0.483333 0.288840 0.480556 0.286652 0.477778 0.286652 0.472222 0.284464 0.469444 0.284464 0.458333 0.286652 0.455556 0.286652 0.441667 0.291028 0.436111 0.301969 0.436111 0.301969 0.433333 0.299781 0.430556 0.299781 0.427778 0.304158 0.422222 0.304158 0.413889 0.308534 0.408333 0.308534 0.402778 0.312910 0.397222 0.326039 0.397222 0.330416 0.402778 0.330416 0.419444 0.321663 0.430556 0.319475 0.430556 0.315098 0.425000 0.315098 0.422222 0.319475 0.416667 0.319475 0.413889 0.317287 0.413889 0.315098 0.416667 0.312910 0.416667 0.310722 0.419444 0.310722 0.425000 0.315098 0.430556 0.315098 0.433333 0.312910 0.436111 0.312910 0.441667 0.315098 0.441667 0.317287 0.438889 0.321663 0.438889 0.326039 0.433333 0.326039 0.427778 0.332604 0.419444 0.332604 0.402778 0.336980 0.397222 0.339168 0.397222 0.339168 0.391667 0.336980 0.388889 0.332604 0.388889 0.328228 0.394444 0.323851 0.394444 0.319475 0.388889 0.317287 0.388889 0.310722 0.397222 0.308534 0.397222 0.304158 0.391667 0.304158 0.388889 0.306346 0.386111 0.306346 0.380556 0.304158 0.380556 0.299781 0.386111 0.295405 0.386111 0.293217 0.383333 0.293217 0.377778 0.297593 0.372222 0.299781 0.372222 0.299781 0.350000 0.304158 0.344444 0.306346 0.344444 0.308534 0.341667 0.321663 0.341667 0.323851 0.344444 0.323851 0.350000 0.321663 0.352778 0.321663 0.355556 0.323851 0.358333 0.330416 0.358333 0.334792 0.363889 0.328228 0.372222 0.323851 0.372222 0.323851 0.375000 0.330416 0.375000 0.332604 0.377778 0.336980 0.377778 0.339168 0.375000 0.339168 0.366667 0.336980 0.363889 0.336980 0.358333 0.343545 0.350000 0.350109 0.350000 0.350109 0.344444 0.345733 0.344444 0.341357 0.350000 0.336980 0.350000 0.334792 0.352778 0.330416 0.352778 0.328228 0.350000 0.328228 0.344444 0.332604 0.338889 0.332604 0.336111 0.330416 0.336111 0.328228 0.338889 0.326039 0.338889 0.323851 0.336111 0.321663 0.336111 0.319475 0.333333
0 0.793217 0.344444 0.072210 0.133333 0.800875 0.277778 0.798687 0.280556 0.798687 0.286111 0.794311 0.291667 0.794311 0.297222 0.796499 0.300000 0.796499 0.305556 0.792123 0.311111 0.792123 0.316667 0.794311 0.319444 0.794311 0.322222 0.789934 0.327778 0.785558 0.327778 0.783370 0.325000 0.778993 0.325000 0.774617 0.330556 0.768053 0.330556 0.765864 0.327778 0.763676 0.330556 0.768053 0.336111 0.770241 0.336111 0.776805 0.344444 0.776805 0.347222 0.772429 0.352778 0.772429 0.355556 0.759300 0.372222 0.757112 0.372222 0.757112 0.375000 0.759300 0.375000 0.763676 0.369444 0.765864 0.369444 0.772429 0.361111 0.776805 0.361111 0.776805 0.352778 0.781182 0.347222 0.781182 0.341667 0.778993 0.338889 0.783370 0.333333 0.787746 0.333333 0.792123 0.338889 0.792123 0.350000 0.789934 0.352778 0.789934 0.355556 0.787746 0.358333 0.794311 0.366667 0.792123 0.369444 0.792123 0.375000 0.800875 0.386111 0.800875 0.388889 0.798687 0.391667 0.798687 0.394444 0.792123 0.402778 0.794311 0.405556 0.796499 0.405556 0.798687 0.408333 0.803063 0.408333 0.803063 0.405556 0.800875 0.402778 0.800875 0.400000 0.805252 0.394444 0.807440 0.394444 0.811816 0.400000 0.811816 0.402778 0.822757 0.402778 0.822757 0.400000 0.818381 0.394444 0.818381 0.388889 0.820569 0.386111 0.820569 0.383333 0.816193 0.377778 0.814004 0.377778 0.811816 0.380556 0.811816 0.383333 0.807440 0.388889 0.800875 0.380556 0.800875 0.372222 0.805252 0.366667 0.811816 0.366667 0.811816 0.363889 0.807440 0.363889 0.805252 0.361111 0.803063 0.361111 0.798687 0.355556 0.798687 0.341667 0.800875 0.338889 0.800875 0.325000 0.805252 0.319444 0.807440 0.322222 0.809628 0.322222 0.814004 0.327778 0.814004 0.336111 0.816193 0.338889 0.820569 0.338889 0.824945 0.344444 0.824945 0.347222 0.827133 0.347222 0.827133 0.341667 0.822757 0.336111 0.822757 0.333333 0.816193 0.325000 0.816193 0.322222 0.814004 0.319444 0.809628 0.319444 0.805252 0.313889 0.805252 0.308333 0.803063 0.305556 0.803063 0.297222 0.800875 0.294444 0.805252 0.288889 0.805252 0.283333
0 0.530635 0.222222 0.072210 0.083333 0.547046 0.180556 0.542670 0.186111 0.538293 0.186111 0.536105 0.188889 0.536105 0.194444 0.538293 0.197222 0.538293 0.208333 0.536105 0.211111 0.531729 0.211111 0.527352 0.205556 0.527352 0.202778 0.529540 0.200000 0.529540 0.197222 0.527352 0.194444 0.520788 0.202778 0.516411 0.202778 0.514223 0.205556 0.507659 0.205556 0.503282 0.200000 0.503282 0.197222 0.505470 0.194444 0.505470 0.191667 0.503282 0.191667 0.498906 0.197222 0.496718 0.197222 0.494530 0.200000 0.494530 0.208333 0.496718 0.211111 0.503282 0.211111 0.505470 0.208333 0.507659 0.208333 0.512035 0.213889 0.507659 0.219444 0.507659 0.222222 0.518600 0.236111 0.518600 0.238889 0.520788 0.241667 0.520788 0.250000 0.518600 0.252778 0.518600 0.255556 0.520788 0.258333 0.527352 0.258333 0.529540 0.261111 0.536105 0.261111 0.538293 0.258333 0.544858 0.258333 0.544858 0.250000 0.549234 0.244444 0.549234 0.241667 0.547046 0.238889 0.547046 0.233333 0.544858 0.230556 0.544858 0.227778 0.540481 0.222222 0.540481 0.219444 0.538293 0.216667 0.542670 0.211111 0.547046 0.211111 0.555799 0.222222 0.564551 0.222222 0.564551 0.219444 0.562363 0.216667 0.557987 0.216667 0.555799 0.213889 0.553611 0.213889 0.542670 0.200000 0.547046 0.194444 0.555799 0.194444 0.555799 0.191667
0 0.179431 0.238889 0.096280 0.116667 0.133479 0.180556 0.131291 0.183333 0.131291 0.188889 0.133479 0.191667 0.133479 0.194444 0.131291 0.197222 0.131291 0.200000 0.133479 0.202778 0.133479 0.208333 0.135667 0.211111 0.135667 0.213889 0.137856 0.216667 0.137856 0.225000 0.135667 0.227778 0.135667 0.230556 0.137856 0.233333 0.137856 0.236111 0.133479 0.241667 0.135667 0.244444 0.148796 0.244444 0.150985 0.241667 0.155361 0.241667 0.157549 0.238889 0.159737 0.238889 0.166302 0.247222 0.166302 0.252778 0.161926 0.258333 0.161926 0.263889 0.164114 0.266667 0.170678 0.266667 0.172867 0.263889 0.172867 0.247222 0.177243 0.241667 0.179431 0.241667 0.181619 0.238889 0.179431 0.236111 0.177243 0.236111 0.175055 0.238889 0.172867 0.238889 0.168490 0.233333 0.168490 0.230556 0.170678 0.227778 0.170678 0.225000 0.175055 0.219444 0.177243 0.219444 0.179431 0.222222 0.181619 0.222222 0.183807 0.225000 0.188184 0.225000 0.194748 0.233333 0.194748 0.241667 0.188184 0.250000 0.185996 0.250000 0.181619 0.255556 0.181619 0.263889 0.183807 0.266667 0.183807 0.269444 0.181619 0.272222 0.181619 0.277778 0.185996 0.283333 0.188184 0.283333 0.190372 0.280556 0.194748 0.280556 0.199125 0.286111 0.199125 0.291667 0.201313 0.294444 0.203501 0.291667 0.203501 0.280556 0.205689 0.277778 0.205689 0.263889 0.207877 0.261111 0.207877 0.252778 0.205689 0.250000 0.203501 0.252778 0.205689 0.255556 0.205689 0.258333 0.203501 0.261111 0.203501 0.269444 0.199125 0.275000 0.194748 0.275000 0.192560 0.272222 0.190372 0.272222 0.185996 0.266667 0.185996 0.258333 0.192560 0.250000 0.196937 0.250000 0.196937 0.241667 0.201313 0.236111 0.203501 0.238889 0.207877 0.238889 0.210066 0.236111 0.210066 0.233333 0.207877 0.230556 0.205689 0.230556 0.201313 0.225000 0.201313 0.219444 0.199125 0.216667 0.199125 0.208333 0.212254 0.191667 0.214442 0.191667 0.218818 0.197222 0.218818 0.202778 0.216630 0.205556 0.216630 0.208333 0.218818 0.208333 0.218818 0.205556 0.221007 0.202778 0.221007 0.194444 0.218818 0.191667 0.218818 0.188889 0.223195 0.183333 0.225383 0.183333 0.225383 0.180556 0.223195 0.180556 0.218818 0.186111 0.216630 0.186111 0.214442 0.188889 0.210066 0.188889 0.207877 0.186111 0.205689 0.188889 0.205689 0.191667 0.196937 0.202778 0.190372 0.202778 0.188184 0.200000 0.185996 0.200000 0.183807 0.202778 0.177243 0.202778 0.175055 0.200000 0.175055 0.194444 0.172867 0.191667 0.170678 0.194444 0.166302 0.194444 0.164114 0.191667 0.161926 0.194444 0.161926 0.200000 0.168490 0.208333 0.168490 0.219444 0.166302 0.222222 0.166302 0.225000 0.164114 0.227778 0.164114 0.230556 0.157549 0.238889 0.144420 0.238889 0.142232 0.236111 0.142232 0.225000 0.140044 0.222222 0.140044 0.216667 0.144420 0.211111 0.150985 0.211111 0.153173 0.208333 0.153173 0.200000 0.150985 0.197222 0.150985 0.191667 0.148796 0.188889 0.146608 0.191667 0.146608 0.194444 0.148796 0.197222 0.148796 0.200000 0.144420 0.205556 0.140044 0.205556 0.137856 0.202778 0.137856 0.194444 0.135667 0.191667 0.135667 0.183333
0 0.875274 0.240278 0.096280 0.125000 0.914661 0.177778 0.914661 0.197222 0.912473 0.200000 0.912473 0.202778 0.914661 0.205556 0.914661 0.208333 0.905908 0.219444 0.903720 0.219444 0.899344 0.213889 0.899344 0.205556 0.897155 0.205556 0.897155 0.208333 0.894967 0.211111 0.894967 0.216667 0.888403 0.225000 0.890591 0.227778 0.892779 0.227778 0.897155 0.233333 0.897155 0.236111 0.892779 0.241667 0.890591 0.241667 0.888403 0.238889 0.886214 0.238889 0.884026 0.236111 0.881838 0.236111 0.877462 0.241667 0.873085 0.241667 0.866521 0.250000 0.862144 0.244444 0.862144 0.241667 0.868709 0.233333 0.866521 0.230556 0.862144 0.236111 0.855580 0.236111 0.851204 0.230556 0.857768 0.222222 0.864333 0.222222 0.868709 0.216667 0.870897 0.216667 0.879650 0.227778 0.881838 0.227778 0.881838 0.222222 0.879650 0.219444 0.879650 0.211111 0.877462 0.208333 0.875274 0.208333 0.868709 0.216667 0.857768 0.216667 0.844639 0.233333 0.844639 0.236111 0.835886 0.247222 0.833698 0.247222 0.831510 0.250000 0.833698 0.252778 0.844639 0.252778 0.846827 0.255556 0.846827 0.261111 0.842451 0.266667 0.840263 0.266667 0.835886 0.272222 0.840263 0.277778 0.840263 0.280556 0.833698 0.288889 0.831510 0.288889 0.827133 0.294444 0.827133 0.297222 0.831510 0.297222 0.833698 0.300000 0.840263 0.300000 0.842451 0.297222 0.842451 0.294444 0.844639 0.291667 0.844639 0.288889 0.842451 0.286111 0.842451 0.283333 0.846827 0.277778 0.846827 0.275000 0.849015 0.272222 0.849015 0.263889 0.855580 0.255556 0.857768 0.255556 0.864333 0.263889 0.866521 0.263889 0.868709 0.266667 0.870897 0.266667 0.873085 0.263889 0.873085 0.250000 0.877462 0.244444 0.881838 0.244444 0.886214 0.250000 0.888403 0.250000 0.892779 0.244444 0.894967 0.244444 0.897155 0.241667 0.899344 0.241667 0.903720 0.247222 0.903720 0.258333 0.905908 0.261111 0.910284 0.261111 0.910284 0.255556 0.905908 0.250000 0.905908 0.244444 0.901532 0.238889 0.901532 0.230556 0.899344 0.227778 0.903720 0.222222 0.908096 0.222222 0.916849 0.211111 0.919037 0.211111 0.921225 0.208333 0.921225 0.202778 0.916849 0.197222 0.916849 0.177778
0 0.060175 0.247222 0.063457 0.138889 0.054705 0.177778 0.054705 0.183333 0.052516 0.186111 0.052516 0.188889 0.043764 0.200000 0.050328 0.200000 0.054705 0.205556 0.054705 0.208333 0.052516 0.211111 0.052516 0.219444 0.054705 0.219444 0.056893 0.216667 0.059081 0.216667 0.061269 0.219444 0.063457 0.219444 0.065646 0.216667 0.065646 0.213889 0.070022 0.208333 0.072210 0.208333 0.076586 0.213889 0.076586 0.216667 0.061269 0.236111 0.061269 0.238889 0.063457 0.241667 0.063457 0.244444 0.059081 0.250000 0.048140 0.250000 0.043764 0.244444 0.043764 0.236111 0.045952 0.233333 0.045952 0.230556 0.043764 0.230556 0.039387 0.225000 0.039387 0.216667 0.041575 0.213889 0.041575 0.211111 0.039387 0.208333 0.032823 0.208333 0.030635 0.211111 0.030635 0.213889 0.037199 0.222222 0.037199 0.236111 0.035011 0.238889 0.035011 0.244444 0.039387 0.250000 0.039387 0.252778 0.035011 0.258333 0.030635 0.258333 0.028446 0.261111 0.030635 0.263889 0.030635 0.275000 0.028446 0.277778 0.028446 0.280556 0.030635 0.283333 0.032823 0.283333 0.039387 0.291667 0.039387 0.308333 0.037199 0.311111 0.037199 0.313889 0.039387 0.313889 0.041575 0.311111 0.041575 0.305556 0.043764 0.302778 0.043764 0.300000 0.048140 0.294444 0.048140 0.291667 0.045952 0.291667 0.039387 0.283333 0.039387 0.266667 0.041575 0.263889 0.041575 0.261111 0.048140 0.252778 0.050328 0.252778 0.054705 0.258333 0.054705 0.263889 0.052516 0.266667 0.052516 0.272222 0.056893 0.272222 0.056893 0.266667 0.059081 0.263889 0.059081 0.261111 0.065646 0.252778 0.070022 0.252778 0.072210 0.250000 0.074398 0.250000 0.076586 0.247222 0.078775 0.247222 0.083151 0.252778 0.083151 0.261111 0.085339 0.261111 0.085339 0.255556 0.087527 0.252778 0.087527 0.250000 0.085339 0.247222 0.085339 0.244444 0.089716 0.238889 0.089716 0.236111 0.085339 0.236111 0.083151 0.238889 0.080963 0.238889 0.074398 0.247222 0.070022 0.241667 0.070022 0.230556 0.074398 0.225000 0.076586 0.225000 0.078775 0.222222 0.078775 0.208333 0.076586 0.205556 0.067834 0.205556 0.063457 0.211111 0.061269 0.211111 0.054705 0.202778 0.054705 0.194444 0.059081 0.188889 0.059081 0.186111 0.056893 0.183333 0.056893 0.177778
0 0.643326 0.237500 0.118162 0.252778 0.673961 0.111111 0.667396 0.119444 0.665208 0.119444 0.656455 0.130556 0.656455 0.136111 0.660832 0.136111 0.665208 0.141667 0.665208 0.144444 0.667396 0.147222 0.667396 0.150000 0.663020 0.155556 0.663020 0.158333 0.667396 0.152778 0.671772 0.152778 0.676149 0.158333 0.676149 0.161111 0.669584 0.169444 0.665208 0.169444 0.663020 0.172222 0.667396 0.177778 0.669584 0.177778 0.673961 0.183333 0.673961 0.191667 0.669584 0.197222 0.669584 0.200000 0.671772 0.200000 0.676149 0.194444 0.678337 0.194444 0.682713 0.200000 0.682713 0.202778 0.680525 0.205556 0.680525 0.208333 0.673961 0.216667 0.671772 0.216667 0.669584 0.213889 0.665208 0.213889 0.658643 0.222222 0.656455 0.222222 0.649891 0.230556 0.647702 0.230556 0.643326 0.236111 0.641138 0.236111 0.638950 0.238889 0.636761 0.238889 0.634573 0.241667 0.636761 0.244444 0.636761 0.247222 0.634573 0.250000 0.634573 0.255556 0.636761 0.258333 0.636761 0.261111 0.632385 0.266667 0.623632 0.266667 0.612691 0.252778 0.601751 0.252778 0.601751 0.255556 0.606127 0.255556 0.608315 0.258333 0.610503 0.258333 0.614880 0.263889 0.617068 0.263889 0.621444 0.269444 0.630197 0.269444 0.634573 0.275000 0.634573 0.283333 0.630197 0.288889 0.625821 0.288889 0.621444 0.283333 0.619256 0.286111 0.619256 0.288889 0.612691 0.297222 0.612691 0.300000 0.603939 0.311111 0.601751 0.311111 0.597374 0.305556 0.592998 0.305556 0.590810 0.308333 0.588621 0.308333 0.586433 0.305556 0.584245 0.305556 0.584245 0.308333 0.588621 0.308333 0.595186 0.316667 0.595186 0.322222 0.590810 0.327778 0.590810 0.330556 0.592998 0.333333 0.597374 0.333333 0.599562 0.330556 0.599562 0.316667 0.603939 0.311111 0.610503 0.311111 0.612691 0.308333 0.617068 0.308333 0.617068 0.297222 0.621444 0.291667 0.623632 0.294444 0.625821 0.294444 0.630197 0.300000 0.630197 0.305556 0.632385 0.305556 0.636761 0.311111 0.634573 0.313889 0.634573 0.316667 0.638950 0.322222 0.638950 0.327778 0.636761 0.330556 0.636761 0.336111 0.634573 0.338889 0.634573 0.341667 0.625821 0.352778 0.625821 0.355556 0.630197 0.361111 0.632385 0.361111 0.634573 0.358333 0.636761 0.358333 0.638950 0.355556 0.638950 0.352778 0.636761 0.350000 0.636761 0.347222 0.641138 0.341667 0.641138 0.336111 0.645514 0.330556 0.652079 0.338889 0.652079 0.341667 0.645514 0.350000 0.647702 0.352778 0.649891 0.352778 0.652079 0.355556 0.654267 0.355556 0.654267 0.350000 0.652079 0.347222 0.652079 0.344444 0.654267 0.341667 0.654267 0.336111 0.667396 0.319444 0.667396 0.313889 0.671772 0.308333 0.671772 0.302778 0.669584 0.302778 0.665208 0.297222 0.663020 0.297222 0.656455 0.305556 0.654267 0.305556 0.649891 0.311111 0.645514 0.311111 0.638950 0.302778 0.645514 0.294444 0.645514 0.291667 0.643326 0.288889 0.643326 0.277778 0.641138 0.275000 0.641138 0.269444 0.638950 0.266667 0.638950 0.258333 0.641138 0.255556 0.641138 0.247222 0.643326 0.244444 0.643326 0.238889 0.647702 0.233333 0.652079 0.233333 0.656455 0.238889 0.656455 0.244444 0.654267 0.247222 0.654267 0.250000 0.652079 0.252778 0.652079 0.255556 0.649891 0.258333 0.649891 0.261111 0.654267 0.261111 0.654267 0.258333 0.658643 0.252778 0.663020 0.252778 0.665208 0.250000 0.665208 0.247222 0.660832 0.241667 0.660832 0.227778 0.665208 0.222222 0.673961 0.222222 0.676149 0.225000 0.676149 0.230556 0.671772 0.236111 0.671772 0.241667 0.678337 0.250000 0.678337 0.252778 0.680525 0.255556 0.680525 0.258333 0.684902 0.263889 0.687090 0.263889 0.700219 0.247222 0.700219 0.241667 0.698031 0.238889 0.693654 0.238889 0.691466 0.241667 0.691466 0.244444 0.693654 0.247222 0.693654 0.252778 0.689278 0.258333 0.687090 0.258333 0.680525 0.250000 0.680525 0.238889 0.687090 0.230556 0.689278 0.230556 0.689278 0.227778 0.687090 0.227778 0.682713 0.222222 0.682713 0.211111 0.684902 0.208333 0.684902 0.205556 0.687090 0.202778 0.687090 0.186111 0.691466 0.180556 0.691466 0.172222 0.689278 0.169444 0.687090 0.172222 0.689278 0.175000 0.689278 0.177778 0.684902 0.183333 0.680525 0.183333 0.678337 0.180556 0.678337 0.177778 0.676149 0.175000 0.676149 0.172222 0.682713 0.163889 0.682713 0.152778 0.684902 0.150000 0.684902 0.147222 0.680525 0.141667 0.680525 0.138889 0.673961 0.130556 0.673961 0.125000 0.678337 0.119444 0.678337 0.113889 0.676149 0.111111
0 0.202407 0.168056 0.124726 0.113889 0.249453 0.111111 0.238512 0.125000 0.234136 0.125000 0.225383 0.113889 0.223195 0.116667 0.231947 0.127778 0.231947 0.133333 0.227571 0.138889 0.223195 0.138889 0.218818 0.133333 0.218818 0.130556 0.216630 0.133333 0.221007 0.138889 0.214442 0.147222 0.212254 0.147222 0.210066 0.150000 0.205689 0.150000 0.201313 0.155556 0.194748 0.155556 0.188184 0.147222 0.185996 0.147222 0.181619 0.152778 0.175055 0.152778 0.170678 0.147222 0.172867 0.144444 0.172867 0.136111 0.170678 0.133333 0.170678 0.130556 0.166302 0.125000 0.164114 0.125000 0.159737 0.130556 0.155361 0.130556 0.153173 0.133333 0.153173 0.136111 0.155361 0.138889 0.157549 0.138889 0.161926 0.133333 0.166302 0.133333 0.170678 0.138889 0.170678 0.141667 0.168490 0.144444 0.168490 0.158333 0.166302 0.161111 0.166302 0.163889 0.159737 0.172222 0.157549 0.172222 0.153173 0.166667 0.153173 0.163889 0.150985 0.161111 0.150985 0.155556 0.148796 0.152778 0.148796 0.150000 0.146608 0.147222 0.144420 0.147222 0.142232 0.144444 0.140044 0.147222 0.142232 0.150000 0.142232 0.152778 0.146608 0.158333 0.146608 0.161111 0.148796 0.163889 0.148796 0.166667 0.146608 0.169444 0.148796 0.172222 0.150985 0.172222 0.153173 0.175000 0.175055 0.175000 0.177243 0.172222 0.181619 0.172222 0.181619 0.158333 0.185996 0.152778 0.188184 0.152778 0.192560 0.158333 0.207877 0.158333 0.214442 0.150000 0.218818 0.150000 0.221007 0.147222 0.223195 0.147222 0.225383 0.144444 0.227571 0.144444 0.229759 0.141667 0.234136 0.141667 0.236324 0.138889 0.240700 0.138889 0.245077 0.144444 0.245077 0.147222 0.247265 0.150000 0.247265 0.155556 0.251641 0.161111 0.251641 0.163889 0.249453 0.166667 0.249453 0.169444 0.251641 0.172222 0.251641 0.177778 0.247265 0.183333 0.240700 0.183333 0.238512 0.186111 0.238512 0.188889 0.240700 0.191667 0.240700 0.194444 0.236324 0.200000 0.249453 0.216667 0.249453 0.219444 0.251641 0.222222 0.253829 0.222222 0.262582 0.211111 0.260394 0.208333 0.258206 0.211111 0.256018 0.211111 0.253829 0.213889 0.251641 0.213889 0.242888 0.202778 0.242888 0.200000 0.247265 0.194444 0.251641 0.194444 0.253829 0.191667 0.253829 0.180556 0.256018 0.177778 0.256018 0.166667 0.253829 0.163889 0.253829 0.152778 0.256018 0.150000 0.256018 0.147222 0.251641 0.147222 0.247265 0.141667 0.247265 0.138889 0.245077 0.136111 0.245077 0.130556 0.253829 0.119444 0.253829 0.113889 0.251641 0.113889
0 0.295405 0.175000 0.065646 0.138889 0.310722 0.105556 0.306346 0.111111 0.306346 0.122222 0.304158 0.125000 0.304158 0.133333 0.299781 0.138889 0.295405 0.138889 0.293217 0.136111 0.293217 0.130556 0.295405 0.127778 0.295405 0.125000 0.291028 0.125000 0.288840 0.127778 0.286652 0.127778 0.282276 0.122222 0.282276 0.116667 0.284464 0.113889 0.284464 0.111111 0.282276 0.108333 0.277899 0.113889 0.275711 0.113889 0.273523 0.111111 0.271335 0.111111 0.269147 0.108333 0.264770 0.108333 0.262582 0.111111 0.269147 0.119444 0.277899 0.119444 0.282276 0.125000 0.282276 0.127778 0.288840 0.136111 0.288840 0.138889 0.293217 0.144444 0.293217 0.150000 0.291028 0.152778 0.291028 0.161111 0.282276 0.172222 0.282276 0.180556 0.284464 0.183333 0.291028 0.183333 0.293217 0.186111 0.293217 0.191667 0.288840 0.197222 0.288840 0.202778 0.291028 0.205556 0.291028 0.216667 0.288840 0.219444 0.288840 0.227778 0.286652 0.230556 0.286652 0.238889 0.288840 0.241667 0.291028 0.241667 0.293217 0.238889 0.293217 0.222222 0.297593 0.216667 0.301969 0.216667 0.301969 0.213889 0.299781 0.211111 0.297593 0.211111 0.293217 0.205556 0.293217 0.200000 0.299781 0.191667 0.299781 0.188889 0.293217 0.180556 0.293217 0.177778 0.295405 0.175000 0.295405 0.169444 0.293217 0.166667 0.293217 0.161111 0.297593 0.155556 0.299781 0.155556 0.304158 0.161111 0.308534 0.161111 0.308534 0.152778 0.304158 0.152778 0.299781 0.147222 0.299781 0.144444 0.304158 0.138889 0.310722 0.138889 0.312910 0.136111 0.312910 0.130556 0.310722 0.127778 0.310722 0.125000 0.308534 0.122222 0.308534 0.119444 0.312910 0.113889 0.321663 0.125000 0.323851 0.125000 0.326039 0.122222 0.326039 0.119444 0.321663 0.113889 0.317287 0.113889
0 0.495624 0.134722 0.054705 0.108333 0.505470 0.080556 0.501094 0.086111 0.496718 0.086111 0.494530 0.083333 0.492341 0.083333 0.483589 0.094444 0.483589 0.100000 0.485777 0.102778 0.485777 0.105556 0.487965 0.108333 0.487965 0.111111 0.490153 0.113889 0.490153 0.122222 0.483589 0.130556 0.481400 0.130556 0.474836 0.138889 0.472648 0.138889 0.470460 0.141667 0.472648 0.144444 0.472648 0.147222 0.477024 0.152778 0.477024 0.155556 0.468271 0.166667 0.470460 0.169444 0.474836 0.169444 0.477024 0.166667 0.483589 0.166667 0.487965 0.172222 0.487965 0.183333 0.490153 0.186111 0.492341 0.186111 0.498906 0.177778 0.503282 0.177778 0.503282 0.172222 0.501094 0.169444 0.498906 0.169444 0.496718 0.172222 0.492341 0.172222 0.487965 0.166667 0.492341 0.161111 0.501094 0.161111 0.503282 0.158333 0.503282 0.155556 0.501094 0.152778 0.498906 0.152778 0.494530 0.147222 0.494530 0.138889 0.498906 0.133333 0.503282 0.138889 0.505470 0.138889 0.512035 0.147222 0.512035 0.150000 0.518600 0.150000 0.518600 0.147222 0.507659 0.133333 0.503282 0.133333 0.494530 0.122222 0.494530 0.116667 0.498906 0.111111 0.503282 0.111111 0.509847 0.119444 0.512035 0.119444 0.516411 0.125000 0.516411 0.130556 0.518600 0.130556 0.520788 0.127778 0.520788 0.125000 0.518600 0.125000 0.514223 0.119444 0.514223 0.113889 0.518600 0.108333 0.518600 0.097222 0.516411 0.094444 0.516411 0.091667 0.518600 0.088889 0.518600 0.083333 0.516411 0.080556 0.514223 0.083333 0.512035 0.083333 0.509847 0.080556
0 0.771335 0.122222 0.159737 0.105556 0.737418 0.069444 0.737418 0.072222 0.741794 0.077778 0.733042 0.088889 0.735230 0.091667 0.735230 0.094444 0.730853 0.100000 0.730853 0.111111 0.726477 0.116667 0.726477 0.119444 0.724289 0.122222 0.724289 0.127778 0.717724 0.136111 0.717724 0.138889 0.719912 0.141667 0.719912 0.147222 0.713348 0.155556 0.706783 0.155556 0.702407 0.150000 0.691466 0.150000 0.691466 0.152778 0.695842 0.152778 0.700219 0.158333 0.700219 0.163889 0.698031 0.166667 0.698031 0.169444 0.700219 0.172222 0.702407 0.169444 0.702407 0.166667 0.706783 0.161111 0.713348 0.161111 0.715536 0.158333 0.719912 0.158333 0.722101 0.155556 0.722101 0.152778 0.728665 0.144444 0.735230 0.144444 0.735230 0.141667 0.733042 0.141667 0.728665 0.136111 0.728665 0.133333 0.737418 0.122222 0.741794 0.122222 0.743982 0.125000 0.752735 0.125000 0.754923 0.127778 0.757112 0.127778 0.759300 0.125000 0.759300 0.116667 0.763676 0.111111 0.765864 0.113889 0.768053 0.113889 0.772429 0.119444 0.772429 0.125000 0.768053 0.130556 0.768053 0.133333 0.759300 0.144444 0.757112 0.141667 0.754923 0.141667 0.752735 0.138889 0.750547 0.138889 0.748359 0.141667 0.752735 0.147222 0.752735 0.152778 0.750547 0.155556 0.750547 0.161111 0.754923 0.166667 0.757112 0.166667 0.757112 0.152778 0.763676 0.144444 0.763676 0.141667 0.768053 0.136111 0.772429 0.141667 0.772429 0.144444 0.776805 0.150000 0.778993 0.150000 0.781182 0.147222 0.783370 0.147222 0.785558 0.150000 0.787746 0.150000 0.789934 0.147222 0.794311 0.147222 0.794311 0.144444 0.789934 0.138889 0.789934 0.130556 0.794311 0.125000 0.798687 0.125000 0.800875 0.122222 0.800875 0.116667 0.805252 0.111111 0.807440 0.111111 0.809628 0.113889 0.809628 0.119444 0.807440 0.122222 0.807440 0.130556 0.811816 0.136111 0.814004 0.133333 0.814004 0.113889 0.822757 0.102778 0.824945 0.102778 0.829322 0.108333 0.824945 0.113889 0.824945 0.119444 0.827133 0.122222 0.827133 0.130556 0.818381 0.141667 0.818381 0.144444 0.820569 0.147222 0.822757 0.147222 0.822757 0.144444 0.827133 0.138889 0.838074 0.138889 0.844639 0.147222 0.844639 0.150000 0.846827 0.152778 0.849015 0.152778 0.849015 0.147222 0.844639 0.141667 0.844639 0.138889 0.846827 0.136111 0.846827 0.133333 0.842451 0.133333 0.838074 0.127778 0.838074 0.125000 0.835886 0.122222 0.835886 0.113889 0.831510 0.108333 0.831510 0.097222 0.840263 0.086111 0.840263 0.083333 0.838074 0.080556 0.835886 0.080556 0.833698 0.077778 0.829322 0.077778 0.827133 0.080556 0.822757 0.080556 0.820569 0.077778 0.818381 0.077778 0.816193 0.075000 0.814004 0.077778 0.814004 0.083333 0.816193 0.086111 0.827133 0.086111 0.829322 0.088889 0.829322 0.094444 0.824945 0.100000 0.814004 0.100000 0.811816 0.097222 0.794311 0.119444 0.789934 0.119444 0.787746 0.116667 0.787746 0.108333 0.783370 0.108333 0.781182 0.111111 0.770241 0.111111 0.768053 0.108333 0.765864 0.108333 0.761488 0.102778 0.761488 0.100000 0.759300 0.097222 0.759300 0.094444 0.757112 0.091667 0.757112 0.088889 0.746171 0.075000 0.746171 0.072222 0.743982 0.069444
0 0.552516 0.070833 0.102845 0.102778 0.529540 0.019444 0.527352 0.022222 0.520788 0.022222 0.518600 0.025000 0.520788 0.027778 0.525164 0.027778 0.529540 0.033333 0.531729 0.033333 0.536105 0.027778 0.540481 0.033333 0.538293 0.036111 0.538293 0.038889 0.531729 0.047222 0.525164 0.047222 0.514223 0.033333 0.505470 0.044444 0.503282 0.044444 0.501094 0.047222 0.503282 0.050000 0.505470 0.047222 0.507659 0.047222 0.509847 0.044444 0.520788 0.044444 0.522976 0.047222 0.525164 0.047222 0.527352 0.050000 0.536105 0.050000 0.538293 0.052778 0.540481 0.052778 0.542670 0.055556 0.544858 0.055556 0.553611 0.066667 0.555799 0.066667 0.557987 0.063889 0.557987 0.061111 0.555799 0.058333 0.555799 0.055556 0.553611 0.052778 0.551422 0.055556 0.549234 0.055556 0.540481 0.044444 0.540481 0.038889 0.547046 0.030556 0.553611 0.030556 0.555799 0.033333 0.555799 0.044444 0.557987 0.047222 0.560175 0.047222 0.562363 0.044444 0.568928 0.044444 0.571116 0.047222 0.571116 0.052778 0.566740 0.058333 0.566740 0.061111 0.562363 0.066667 0.562363 0.072222 0.564551 0.072222 0.571116 0.063889 0.573304 0.063889 0.575492 0.066667 0.577681 0.066667 0.584245 0.075000 0.584245 0.077778 0.568928 0.097222 0.568928 0.100000 0.560175 0.111111 0.557987 0.111111 0.553611 0.116667 0.555799 0.119444 0.560175 0.119444 0.564551 0.113889 0.564551 0.105556 0.571116 0.097222 0.573304 0.097222 0.575492 0.100000 0.579869 0.100000 0.579869 0.094444 0.588621 0.083333 0.588621 0.080556 0.590810 0.077778 0.590810 0.075000 0.586433 0.069444 0.586433 0.063889 0.577681 0.063889 0.573304 0.058333 0.573304 0.055556 0.579869 0.047222 0.586433 0.047222 0.588621 0.050000 0.590810 0.050000 0.590810 0.047222 0.597374 0.038889 0.597374 0.036111 0.601751 0.030556 0.601751 0.027778 0.599562 0.027778 0.599562 0.030556 0.592998 0.038889 0.588621 0.038889 0.586433 0.036111 0.586433 0.033333 0.590810 0.027778 0.588621 0.025000 0.582057 0.025000 0.579869 0.022222 0.577681 0.022222 0.575492 0.025000 0.573304 0.025000 0.571116 0.027778 0.557987 0.027778 0.555799 0.025000 0.553611 0.025000 0.551422 0.022222 0.544858 0.022222 0.542670 0.019444 0.540481 0.019444 0.538293 0.022222 0.533917 0.022222 0.531729 0.019444
0 0.839168 0.052778 0.102845 0.105556 0.833698 0.000000 0.833698 0.002778 0.827133 0.011111 0.824945 0.011111 0.820569 0.016667 0.818381 0.016667 0.816193 0.019444 0.816193 0.036111 0.811816 0.041667 0.809628 0.041667 0.800875 0.030556 0.800875 0.025000 0.803063 0.022222 0.803063 0.019444 0.800875 0.019444 0.796499 0.013889 0.792123 0.013889 0.787746 0.019444 0.796499 0.030556 0.796499 0.044444 0.794311 0.047222 0.794311 0.050000 0.792123 0.052778 0.792123 0.058333 0.789934 0.061111 0.796499 0.069444 0.796499 0.072222 0.798687 0.075000 0.800875 0.072222 0.803063 0.072222 0.805252 0.069444 0.809628 0.069444 0.811816 0.066667 0.811816 0.063889 0.814004 0.061111 0.814004 0.058333 0.816193 0.055556 0.816193 0.052778 0.818381 0.050000 0.818381 0.047222 0.822757 0.041667 0.824945 0.041667 0.827133 0.044444 0.838074 0.044444 0.840263 0.047222 0.840263 0.052778 0.835886 0.058333 0.829322 0.058333 0.831510 0.058333 0.833698 0.061111 0.835886 0.061111 0.838074 0.063889 0.840263 0.063889 0.855580 0.083333 0.853392 0.086111 0.853392 0.088889 0.855580 0.091667 0.859956 0.086111 0.864333 0.086111 0.866521 0.088889 0.870897 0.088889 0.873085 0.086111 0.879650 0.086111 0.881838 0.088889 0.881838 0.094444 0.879650 0.097222 0.879650 0.100000 0.881838 0.102778 0.886214 0.102778 0.888403 0.100000 0.888403 0.097222 0.886214 0.094444 0.886214 0.077778 0.884026 0.075000 0.884026 0.066667 0.881838 0.063889 0.879650 0.063889 0.877462 0.066667 0.864333 0.066667 0.862144 0.063889 0.859956 0.066667 0.859956 0.072222 0.857768 0.075000 0.855580 0.075000 0.846827 0.063889 0.846827 0.058333 0.849015 0.055556 0.849015 0.052778 0.844639 0.047222 0.844639 0.044444 0.840263 0.038889 0.840263 0.027778 0.842451 0.025000 0.842451 0.022222 0.838074 0.022222 0.833698 0.016667 0.833698 0.008333 0.835886 0.005556 0.835886 0.000000
0 0.711160 0.052778 0.091904 0.105556 0.704595 0.000000 0.704595 0.005556 0.700219 0.011111 0.702407 0.013889 0.704595 0.013889 0.708972 0.019444 0.708972 0.022222 0.704595 0.027778 0.704595 0.030556 0.702407 0.033333 0.702407 0.041667 0.700219 0.044444 0.700219 0.052778 0.693654 0.061111 0.691466 0.061111 0.687090 0.055556 0.678337 0.066667 0.676149 0.066667 0.671772 0.061111 0.671772 0.055556 0.676149 0.050000 0.676149 0.047222 0.680525 0.041667 0.695842 0.041667 0.695842 0.038889 0.689278 0.030556 0.687090 0.030556 0.680525 0.038889 0.676149 0.038889 0.673961 0.041667 0.673961 0.047222 0.665208 0.058333 0.669584 0.063889 0.669584 0.066667 0.671772 0.069444 0.673961 0.069444 0.680525 0.077778 0.680525 0.086111 0.682713 0.088889 0.682713 0.091667 0.684902 0.094444 0.684902 0.102778 0.687090 0.102778 0.689278 0.100000 0.693654 0.100000 0.695842 0.102778 0.700219 0.102778 0.700219 0.097222 0.704595 0.091667 0.711160 0.091667 0.715536 0.097222 0.715536 0.100000 0.717724 0.100000 0.719912 0.097222 0.719912 0.094444 0.724289 0.088889 0.724289 0.083333 0.722101 0.080556 0.722101 0.066667 0.719912 0.063889 0.717724 0.063889 0.713348 0.069444 0.708972 0.069444 0.706783 0.072222 0.708972 0.075000 0.711160 0.072222 0.713348 0.072222 0.715536 0.069444 0.719912 0.075000 0.719912 0.080556 0.713348 0.088889 0.708972 0.088889 0.706783 0.086111 0.704595 0.086111 0.695842 0.097222 0.693654 0.097222 0.689278 0.091667 0.689278 0.088889 0.687090 0.086111 0.687090 0.077778 0.684902 0.075000 0.684902 0.069444 0.689278 0.063889 0.704595 0.063889 0.704595 0.041667 0.706783 0.038889 0.706783 0.036111 0.708972 0.033333 0.708972 0.025000 0.711160 0.022222 0.719912 0.022222 0.728665 0.011111 0.730853 0.011111 0.733042 0.013889 0.733042 0.019444 0.728665 0.025000 0.728665 0.027778 0.730853 0.030556 0.733042 0.030556 0.735230 0.033333 0.737418 0.033333 0.741794 0.027778 0.741794 0.025000 0.743982 0.022222 0.746171 0.022222 0.748359 0.025000 0.748359 0.027778 0.750547 0.030556 0.750547 0.033333 0.748359 0.036111 0.748359 0.038889 0.750547 0.041667 0.752735 0.038889 0.752735 0.033333 0.754923 0.030556 0.754923 0.027778 0.750547 0.022222 0.750547 0.016667 0.748359 0.016667 0.746171 0.013889 0.743982 0.013889 0.741794 0.011111 0.735230 0.011111 0.730853 0.005556 0.730853 0.000000 0.722101 0.000000 0.722101 0.008333 0.719912 0.011111 0.719912 0.013889 0.715536 0.019444 0.711160 0.013889 0.711160 0.000000
0 0.434354 0.059722 0.102845 0.119444 0.446389 0.000000 0.446389 0.008333 0.439825 0.016667 0.435449 0.016667 0.433260 0.013889 0.428884 0.019444 0.428884 0.022222 0.433260 0.027778 0.433260 0.038889 0.431072 0.041667 0.431072 0.050000 0.411379 0.075000 0.407002 0.075000 0.404814 0.077778 0.409190 0.083333 0.409190 0.086111 0.402626 0.094444 0.398249 0.094444 0.396061 0.091667 0.393873 0.091667 0.389497 0.097222 0.385120 0.097222 0.382932 0.100000 0.385120 0.102778 0.385120 0.116667 0.387309 0.113889 0.387309 0.111111 0.393873 0.102778 0.402626 0.102778 0.402626 0.100000 0.407002 0.094444 0.411379 0.100000 0.411379 0.102778 0.417943 0.111111 0.422319 0.111111 0.424508 0.113889 0.428884 0.113889 0.433260 0.108333 0.433260 0.100000 0.435449 0.097222 0.435449 0.094444 0.439825 0.088889 0.444201 0.088889 0.448578 0.094444 0.448578 0.100000 0.446389 0.102778 0.452954 0.111111 0.457330 0.111111 0.457330 0.108333 0.459519 0.105556 0.459519 0.102778 0.455142 0.097222 0.455142 0.088889 0.457330 0.086111 0.457330 0.080556 0.455142 0.077778 0.444201 0.077778 0.439825 0.083333 0.435449 0.083333 0.433260 0.080556 0.431072 0.080556 0.428884 0.083333 0.426696 0.083333 0.420131 0.075000 0.420131 0.069444 0.424508 0.063889 0.428884 0.063889 0.431072 0.066667 0.433260 0.066667 0.431072 0.063889 0.431072 0.058333 0.435449 0.052778 0.439825 0.058333 0.439825 0.061111 0.442013 0.063889 0.446389 0.058333 0.450766 0.058333 0.459519 0.069444 0.461707 0.069444 0.466083 0.075000 0.468271 0.075000 0.468271 0.072222 0.466083 0.072222 0.457330 0.061111 0.457330 0.047222 0.455142 0.044444 0.452954 0.044444 0.448578 0.050000 0.439825 0.050000 0.435449 0.044444 0.435449 0.041667 0.439825 0.036111 0.446389 0.036111 0.448578 0.033333 0.450766 0.033333 0.452954 0.036111 0.457330 0.036111 0.459519 0.033333 0.459519 0.030556 0.463895 0.025000 0.468271 0.025000 0.474836 0.033333 0.474836 0.038889 0.468271 0.047222 0.466083 0.047222 0.463895 0.050000 0.472648 0.061111 0.474836 0.061111 0.477024 0.058333 0.483589 0.058333 0.483589 0.055556 0.481400 0.055556 0.474836 0.047222 0.474836 0.044444 0.477024 0.041667 0.477024 0.027778 0.470460 0.019444 0.470460 0.016667 0.474836 0.011111 0.474836 0.005556 0.472648 0.002778 0.472648 0.000000 0.468271 0.000000 0.468271 0.005556 0.466083 0.008333 0.466083 0.016667 0.457330 0.027778 0.452954 0.027778 0.448578 0.033333 0.442013 0.033333 0.437637 0.027778 0.437637 0.025000 0.442013 0.019444 0.444201 0.019444 0.446389 0.022222 0.450766 0.022222 0.452954 0.019444 0.452954 0.013889 0.448578 0.008333 0.448578 0.005556 0.450766 0.002778 0.450766 0.000000
0 0.371991 0.272222 0.140044 0.544444 0.391685 0.000000 0.391685 0.005556 0.389497 0.008333 0.389497 0.019444 0.387309 0.022222 0.387309 0.030556 0.380744 0.038889 0.374179 0.030556 0.374179 0.027778 0.376368 0.025000 0.374179 0.022222 0.369803 0.027778 0.367615 0.027778 0.367615 0.030556 0.369803 0.030556 0.374179 0.036111 0.374179 0.047222 0.367615 0.055556 0.367615 0.077778 0.365427 0.080556 0.365427 0.086111 0.361050 0.091667 0.356674 0.091667 0.354486 0.088889 0.354486 0.083333 0.356674 0.080556 0.356674 0.072222 0.358862 0.069444 0.358862 0.058333 0.361050 0.055556 0.361050 0.052778 0.358862 0.050000 0.358862 0.047222 0.361050 0.044444 0.361050 0.041667 0.358862 0.038889 0.354486 0.038889 0.352298 0.041667 0.352298 0.047222 0.350109 0.050000 0.350109 0.052778 0.354486 0.058333 0.354486 0.066667 0.352298 0.069444 0.352298 0.077778 0.343545 0.088889 0.336980 0.088889 0.332604 0.083333 0.332604 0.080556 0.330416 0.077778 0.330416 0.075000 0.328228 0.072222 0.328228 0.061111 0.326039 0.061111 0.326039 0.066667 0.319475 0.075000 0.319475 0.077778 0.326039 0.077778 0.330416 0.083333 0.323851 0.091667 0.321663 0.091667 0.321663 0.094444 0.336980 0.094444 0.339168 0.091667 0.343545 0.097222 0.343545 0.100000 0.336980 0.108333 0.336980 0.111111 0.339168 0.111111 0.341357 0.113889 0.343545 0.113889 0.343545 0.111111 0.345733 0.108333 0.345733 0.105556 0.347921 0.102778 0.347921 0.100000 0.345733 0.097222 0.345733 0.091667 0.347921 0.088889 0.350109 0.088889 0.358862 0.100000 0.358862 0.105556 0.356674 0.108333 0.356674 0.113889 0.358862 0.116667 0.358862 0.125000 0.352298 0.133333 0.347921 0.133333 0.343545 0.127778 0.341357 0.130556 0.341357 0.136111 0.343545 0.138889 0.345733 0.138889 0.347921 0.141667 0.350109 0.141667 0.352298 0.138889 0.356674 0.138889 0.358862 0.136111 0.361050 0.136111 0.365427 0.141667 0.365427 0.172222 0.363239 0.175000 0.363239 0.186111 0.361050 0.188889 0.361050 0.191667 0.365427 0.197222 0.365427 0.202778 0.358862 0.211111 0.363239 0.216667 0.363239 0.222222 0.361050 0.225000 0.361050 0.227778 0.363239 0.230556 0.363239 0.233333 0.358862 0.238889 0.358862 0.241667 0.365427 0.250000 0.365427 0.258333 0.358862 0.266667 0.352298 0.258333 0.352298 0.255556 0.347921 0.250000 0.345733 0.252778 0.347921 0.255556 0.347921 0.261111 0.352298 0.266667 0.352298 0.272222 0.358862 0.272222 0.361050 0.269444 0.365427 0.269444 0.369803 0.275000 0.369803 0.277778 0.365427 0.283333 0.365427 0.288889 0.367615 0.291667 0.367615 0.294444 0.363239 0.300000 0.363239 0.302778 0.361050 0.305556 0.361050 0.308333 0.363239 0.305556 0.367615 0.305556 0.371991 0.311111 0.371991 0.319444 0.374179 0.322222 0.374179 0.338889 0.378556 0.344444 0.378556 0.352778 0.380744 0.355556 0.380744 0.361111 0.378556 0.363889 0.378556 0.366667 0.371991 0.375000 0.367615 0.375000 0.365427 0.372222 0.363239 0.372222 0.358862 0.366667 0.358862 0.363889 0.356674 0.363889 0.356674 0.372222 0.352298 0.377778 0.350109 0.377778 0.350109 0.380556 0.352298 0.380556 0.358862 0.372222 0.361050 0.372222 0.367615 0.380556 0.367615 0.386111 0.365427 0.388889 0.365427 0.391667 0.367615 0.394444 0.367615 0.400000 0.363239 0.405556 0.363239 0.408333 0.365427 0.411111 0.365427 0.413889 0.356674 0.425000 0.358862 0.427778 0.358862 0.430556 0.361050 0.433333 0.361050 0.438889 0.358862 0.441667 0.358862 0.444444 0.347921 0.458333 0.341357 0.458333 0.339168 0.461111 0.339168 0.466667 0.343545 0.466667 0.343545 0.463889 0.347921 0.458333 0.354486 0.458333 0.358862 0.463889 0.361050 0.463889 0.361050 0.452778 0.367615 0.444444 0.367615 0.438889 0.365427 0.436111 0.365427 0.433333 0.369803 0.427778 0.371991 0.427778 0.376368 0.433333 0.380744 0.433333 0.382932 0.436111 0.382932 0.441667 0.378556 0.447222 0.378556 0.452778 0.376368 0.455556 0.376368 0.458333 0.365427 0.472222 0.361050 0.472222 0.358862 0.475000 0.354486 0.475000 0.347921 0.483333 0.347921 0.486111 0.345733 0.488889 0.345733 0.491667 0.321663 0.522222 0.317287 0.522222 0.315098 0.525000 0.306346 0.525000 0.304158 0.522222 0.301969 0.525000 0.304158 0.527778 0.317287 0.527778 0.319475 0.530556 0.319475 0.538889 0.321663 0.541667 0.323851 0.541667 0.330416 0.533333 0.330416 0.525000 0.332604 0.522222 0.332604 0.519444 0.345733 0.502778 0.347921 0.502778 0.350109 0.505556 0.354486 0.505556 0.354486 0.500000 0.356674 0.497222 0.356674 0.491667 0.354486 0.488889 0.354486 0.486111 0.358862 0.480556 0.363239 0.480556 0.365427 0.477778 0.369803 0.477778 0.376368 0.469444 0.376368 0.466667 0.378556 0.463889 0.378556 0.458333 0.380744 0.455556 0.380744 0.452778 0.385120 0.447222 0.391685 0.447222 0.391685 0.444444 0.389497 0.441667 0.389497 0.427778 0.387309 0.427778 0.382932 0.433333 0.371991 0.419444 0.371991 0.416667 0.369803 0.413889 0.369803 0.411111 0.376368 0.402778 0.376368 0.397222 0.374179 0.394444 0.374179 0.388889 0.376368 0.386111 0.376368 0.383333 0.385120 0.372222 0.387309 0.372222 0.391685 0.377778 0.391685 0.380556 0.393873 0.383333 0.396061 0.383333 0.396061 0.380556 0.391685 0.375000 0.391685 0.358333 0.389497 0.355556 0.389497 0.350000 0.385120 0.350000 0.380744 0.344444 0.380744 0.313889 0.385120 0.308333 0.387309 0.311111 0.391685 0.311111 0.398249 0.319444 0.402626 0.319444 0.407002 0.325000 0.411379 0.325000 0.413567 0.327778 0.415755 0.327778 0.415755 0.316667 0.420131 0.311111 0.422319 0.311111 0.426696 0.316667 0.426696 0.325000 0.431072 0.325000 0.437637 0.333333 0.437637 0.341667 0.439825 0.341667 0.439825 0.330556 0.435449 0.325000 0.435449 0.322222 0.437637 0.319444 0.437637 0.311111 0.435449 0.308333 0.433260 0.311111 0.428884 0.311111 0.426696 0.308333 0.426696 0.297222 0.431072 0.291667 0.435449 0.291667 0.435449 0.286111 0.433260 0.283333 0.431072 0.286111 0.426696 0.286111 0.422319 0.291667 0.422319 0.297222 0.417943 0.302778 0.413567 0.302778 0.411379 0.305556 0.411379 0.313889 0.407002 0.319444 0.404814 0.319444 0.396061 0.308333 0.396061 0.305556 0.400438 0.300000 0.398249 0.300000 0.393873 0.305556 0.391685 0.305556 0.389497 0.302778 0.378556 0.302778 0.371991 0.294444 0.376368 0.288889 0.380744 0.288889 0.382932 0.286111 0.382932 0.280556 0.387309 0.275000 0.387309 0.272222 0.391685 0.266667 0.393873 0.266667 0.398249 0.272222 0.398249 0.280556 0.400438 0.283333 0.400438 0.263889 0.402626 0.261111 0.402626 0.258333 0.407002 0.252778 0.413567 0.261111 0.415755 0.261111 0.415755 0.247222 0.417943 0.244444 0.417943 0.238889 0.415755 0.236111 0.413567 0.238889 0.411379 0.238889 0.407002 0.233333 0.407002 0.225000 0.400438 0.216667 0.400438 0.213889 0.402626 0.211111 0.402626 0.191667 0.404814 0.188889 0.404814 0.186111 0.409190 0.180556 0.411379 0.180556 0.415755 0.186111 0.420131 0.186111 0.420131 0.183333 0.413567 0.175000 0.413567 0.155556 0.411379 0.152778 0.409190 0.152778 0.407002 0.155556 0.411379 0.161111 0.411379 0.169444 0.407002 0.175000 0.402626 0.175000 0.398249 0.169444 0.389497 0.169444 0.387309 0.172222 0.385120 0.172222 0.382932 0.175000 0.382932 0.177778 0.387309 0.177778 0.391685 0.172222 0.396061 0.172222 0.398249 0.175000 0.398249 0.180556 0.393873 0.186111 0.393873 0.188889 0.396061 0.191667 0.396061 0.194444 0.398249 0.197222 0.398249 0.205556 0.393873 0.211111 0.389497 0.211111 0.385120 0.205556 0.382932 0.205556 0.380744 0.208333 0.380744 0.211111 0.382932 0.213889 0.382932 0.219444 0.385120 0.222222 0.387309 0.219444 0.389497 0.219444 0.391685 0.222222 0.396061 0.222222 0.400438 0.227778 0.400438 0.230556 0.402626 0.233333 0.402626 0.236111 0.404814 0.238889 0.404814 0.244444 0.400438 0.250000 0.398249 0.250000 0.396061 0.247222 0.396061 0.241667 0.393873 0.238889 0.391685 0.238889 0.382932 0.227778 0.378556 0.233333 0.378556 0.238889 0.389497 0.238889 0.396061 0.247222 0.396061 0.255556 0.382932 0.272222 0.382932 0.275000 0.378556 0.280556 0.374179 0.280556 0.371991 0.277778 0.371991 0.261111 0.376368 0.255556 0.382932 0.255556 0.385120 0.252778 0.382932 0.250000 0.380744 0.250000 0.378556 0.252778 0.374179 0.252778 0.369803 0.247222 0.369803 0.211111 0.374179 0.205556 0.374179 0.202778 0.369803 0.197222 0.369803 0.169444 0.367615 0.166667 0.367615 0.163889 0.369803 0.161111 0.369803 0.155556 0.371991 0.152778 0.371991 0.150000 0.369803 0.147222 0.369803 0.141667 0.371991 0.138889 0.374179 0.138889 0.378556 0.144444 0.385120 0.144444 0.385120 0.138889 0.382932 0.136111 0.380744 0.136111 0.378556 0.138889 0.376368 0.138889 0.371991 0.133333 0.371991 0.102778 0.369803 0.100000 0.369803 0.094444 0.371991 0.091667 0.371991 0.077778 0.374179 0.075000 0.374179 0.072222 0.378556 0.066667 0.380744 0.066667 0.385120 0.072222 0.385120 0.080556 0.389497 0.075000 0.391685 0.075000 0.393873 0.072222 0.396061 0.072222 0.396061 0.061111 0.393873 0.058333 0.393873 0.050000 0.400438 0.041667 0.409190 0.041667 0.415755 0.033333 0.422319 0.033333 0.422319 0.019444 0.413567 0.008333 0.411379 0.011111 0.411379 0.016667 0.417943 0.025000 0.417943 0.027778 0.411379 0.036111 0.409190 0.036111 0.407002 0.038889 0.402626 0.038889 0.400438 0.041667 0.398249 0.041667 0.393873 0.036111 0.393873 0.033333 0.396061 0.030556 0.396061 0.027778 0.398249 0.025000 0.398249 0.022222 0.400438 0.019444 0.400438 0.000000
0 0.219912 0.059722 0.129103 0.119444 0.221007 0.000000 0.216630 0.005556 0.216630 0.008333 0.218818 0.011111 0.223195 0.011111 0.227571 0.016667 0.227571 0.022222 0.223195 0.027778 0.221007 0.027778 0.216630 0.033333 0.212254 0.033333 0.203501 0.044444 0.201313 0.044444 0.199125 0.047222 0.194748 0.047222 0.190372 0.041667 0.190372 0.038889 0.192560 0.036111 0.192560 0.033333 0.190372 0.030556 0.188184 0.030556 0.183807 0.036111 0.177243 0.036111 0.177243 0.038889 0.179431 0.041667 0.181619 0.041667 0.183807 0.044444 0.185996 0.044444 0.188184 0.047222 0.192560 0.047222 0.194748 0.050000 0.194748 0.058333 0.196937 0.055556 0.199125 0.055556 0.201313 0.052778 0.203501 0.052778 0.205689 0.055556 0.205689 0.063889 0.196937 0.075000 0.192560 0.075000 0.190372 0.077778 0.181619 0.077778 0.175055 0.086111 0.170678 0.086111 0.168490 0.083333 0.168490 0.075000 0.170678 0.072222 0.168490 0.069444 0.155361 0.086111 0.157549 0.088889 0.159737 0.088889 0.161926 0.086111 0.164114 0.086111 0.168490 0.091667 0.164114 0.097222 0.166302 0.100000 0.168490 0.100000 0.172867 0.094444 0.175055 0.094444 0.179431 0.100000 0.179431 0.102778 0.183807 0.108333 0.185996 0.108333 0.192560 0.116667 0.194748 0.116667 0.201313 0.108333 0.203501 0.108333 0.207877 0.102778 0.207877 0.100000 0.221007 0.083333 0.221007 0.080556 0.216630 0.075000 0.214442 0.077778 0.214442 0.080556 0.207877 0.088889 0.207877 0.097222 0.203501 0.102778 0.201313 0.102778 0.199125 0.105556 0.188184 0.105556 0.185996 0.102778 0.183807 0.102778 0.177243 0.094444 0.177243 0.088889 0.181619 0.083333 0.185996 0.083333 0.188184 0.080556 0.201313 0.080556 0.205689 0.075000 0.205689 0.072222 0.210066 0.066667 0.210066 0.063889 0.212254 0.061111 0.212254 0.058333 0.210066 0.055556 0.210066 0.047222 0.221007 0.033333 0.229759 0.033333 0.234136 0.038889 0.234136 0.063889 0.229759 0.069444 0.227571 0.069444 0.225383 0.072222 0.227571 0.075000 0.231947 0.075000 0.234136 0.077778 0.236324 0.077778 0.240700 0.083333 0.240700 0.086111 0.236324 0.091667 0.231947 0.091667 0.229759 0.094444 0.227571 0.094444 0.223195 0.100000 0.223195 0.102778 0.225383 0.102778 0.229759 0.097222 0.231947 0.097222 0.234136 0.094444 0.247265 0.094444 0.249453 0.091667 0.256018 0.091667 0.258206 0.088889 0.258206 0.086111 0.262582 0.080556 0.269147 0.080556 0.275711 0.072222 0.275711 0.069444 0.280088 0.063889 0.282276 0.063889 0.282276 0.061111 0.280088 0.061111 0.277899 0.063889 0.275711 0.063889 0.271335 0.058333 0.271335 0.055556 0.273523 0.052778 0.273523 0.041667 0.271335 0.038889 0.269147 0.038889 0.266958 0.036111 0.264770 0.038889 0.269147 0.044444 0.269147 0.055556 0.264770 0.061111 0.260394 0.061111 0.258206 0.063889 0.262582 0.069444 0.262582 0.072222 0.256018 0.080556 0.251641 0.080556 0.249453 0.077778 0.242888 0.077778 0.238512 0.072222 0.238512 0.066667 0.240700 0.063889 0.240700 0.041667 0.238512 0.038889 0.238512 0.033333 0.240700 0.030556 0.240700 0.027778 0.238512 0.027778 0.234136 0.022222 0.234136 0.016667 0.238512 0.011111 0.242888 0.011111 0.242888 0.000000 0.240700 0.000000 0.234136 0.008333 0.229759 0.008333 0.225383 0.002778 0.225383 0.000000
0 0.117068 0.084722 0.146608 0.169444 0.089716 0.000000 0.089716 0.002778 0.091904 0.005556 0.091904 0.011111 0.085339 0.019444 0.067834 0.019444 0.065646 0.022222 0.065646 0.027778 0.072210 0.036111 0.072210 0.041667 0.074398 0.044444 0.074398 0.050000 0.072210 0.052778 0.070022 0.052778 0.067834 0.050000 0.059081 0.061111 0.059081 0.063889 0.061269 0.066667 0.063457 0.066667 0.070022 0.058333 0.076586 0.058333 0.080963 0.063889 0.076586 0.069444 0.074398 0.069444 0.072210 0.072222 0.083151 0.072222 0.085339 0.075000 0.087527 0.075000 0.089716 0.072222 0.096280 0.072222 0.098468 0.075000 0.098468 0.080556 0.089716 0.091667 0.087527 0.091667 0.085339 0.094444 0.080963 0.094444 0.078775 0.091667 0.076586 0.091667 0.074398 0.094444 0.070022 0.094444 0.067834 0.091667 0.065646 0.091667 0.063457 0.094444 0.061269 0.094444 0.056893 0.088889 0.056893 0.086111 0.050328 0.077778 0.045952 0.077778 0.045952 0.080556 0.052516 0.088889 0.052516 0.091667 0.043764 0.102778 0.045952 0.105556 0.045952 0.113889 0.048140 0.116667 0.050328 0.113889 0.050328 0.105556 0.054705 0.100000 0.056893 0.100000 0.061269 0.105556 0.061269 0.108333 0.059081 0.111111 0.059081 0.113889 0.048140 0.127778 0.048140 0.130556 0.050328 0.130556 0.052516 0.133333 0.052516 0.138889 0.048140 0.144444 0.048140 0.147222 0.056893 0.158333 0.056893 0.163889 0.059081 0.166667 0.063457 0.166667 0.065646 0.163889 0.065646 0.161111 0.056893 0.150000 0.056893 0.136111 0.061269 0.130556 0.061269 0.119444 0.063457 0.116667 0.063457 0.108333 0.067834 0.102778 0.072210 0.102778 0.076586 0.108333 0.076586 0.113889 0.078775 0.111111 0.078775 0.102778 0.083151 0.097222 0.085339 0.097222 0.087527 0.094444 0.091904 0.094444 0.094092 0.091667 0.096280 0.091667 0.098468 0.088889 0.100656 0.088889 0.107221 0.080556 0.111597 0.080556 0.113786 0.083333 0.115974 0.083333 0.118162 0.080556 0.122538 0.080556 0.124726 0.083333 0.129103 0.083333 0.129103 0.080556 0.131291 0.077778 0.131291 0.075000 0.133479 0.072222 0.133479 0.069444 0.140044 0.061111 0.142232 0.061111 0.146608 0.055556 0.155361 0.055556 0.159737 0.050000 0.159737 0.047222 0.157549 0.044444 0.155361 0.044444 0.153173 0.041667 0.148796 0.041667 0.146608 0.044444 0.146608 0.047222 0.126915 0.072222 0.124726 0.072222 0.122538 0.075000 0.120350 0.075000 0.118162 0.077778 0.109409 0.077778 0.105033 0.072222 0.105033 0.069444 0.109409 0.063889 0.109409 0.055556 0.111597 0.052778 0.111597 0.047222 0.105033 0.047222 0.102845 0.044444 0.102845 0.041667 0.100656 0.038889 0.100656 0.030556 0.096280 0.025000 0.096280 0.022222 0.094092 0.019444 0.094092 0.013889 0.096280 0.011111 0.100656 0.011111 0.107221 0.019444 0.107221 0.025000 0.115974 0.036111 0.115974 0.038889 0.120350 0.044444 0.124726 0.044444 0.124726 0.030556 0.126915 0.027778 0.126915 0.016667 0.131291 0.011111 0.133479 0.011111 0.142232 0.022222 0.142232 0.025000 0.140044 0.027778 0.140044 0.030556 0.135667 0.036111 0.135667 0.038889 0.137856 0.041667 0.140044 0.041667 0.140044 0.038889 0.153173 0.022222 0.153173 0.019444 0.161926 0.008333 0.164114 0.008333 0.166302 0.005556 0.168490 0.005556 0.170678 0.008333 0.175055 0.008333 0.181619 0.016667 0.181619 0.019444 0.179431 0.022222 0.181619 0.025000 0.185996 0.025000 0.188184 0.022222 0.188184 0.016667 0.183807 0.011111 0.181619 0.011111 0.179431 0.008333 0.177243 0.008333 0.172867 0.002778 0.172867 0.000000 0.157549 0.000000 0.157549 0.002778 0.153173 0.008333 0.153173 0.011111 0.148796 0.016667 0.142232 0.008333 0.142232 0.005556 0.140044 0.002778 0.140044 0.000000 0.133479 0.000000 0.129103 0.005556 0.124726 0.000000 0.120350 0.000000 0.120350 0.008333 0.118162 0.011111 0.118162 0.013889 0.120350 0.013889 0.126915 0.022222 0.126915 0.025000 0.120350 0.033333 0.118162 0.033333 0.111597 0.025000 0.111597 0.016667 0.109409 0.013889 0.109409 0.011111 0.107221 0.008333 0.107221 0.002778 0.109409 0.000000 0.105033 0.000000 0.105033 0.002778 0.098468 0.011111 0.094092 0.005556 0.094092 0.000000