0 0.867834 0.943798 0.264331 0.065891 0.936306 0.910853 0.933121 0.914729 0.933121 0.918605 0.926752 0.926357 0.917197 0.926357 0.914013 0.930233 0.891720 0.930233 0.888535 0.934109 0.885350 0.934109 0.882166 0.937984 0.869427 0.937984 0.866242 0.941860 0.853503 0.941860 0.850318 0.937984 0.843949 0.937984 0.840764 0.941860 0.796178 0.941860 0.792994 0.945736 0.773885 0.945736 0.770701 0.949612 0.767516 0.949612 0.764331 0.953488 0.757962 0.953488 0.754777 0.957364 0.745223 0.957364 0.735669 0.968992 0.738854 0.972868 0.742038 0.968992 0.745223 0.968992 0.748408 0.965116 0.764331 0.965116 0.773885 0.953488 0.780255 0.953488 0.783439 0.957364 0.786624 0.957364 0.789809 0.953488 0.796178 0.953488 0.799363 0.949612 0.818471 0.949612 0.821656 0.945736 0.828025 0.945736 0.831210 0.949612 0.840764 0.949612 0.843949 0.945736 0.853503 0.945736 0.856688 0.949612 0.863057 0.949612 0.866242 0.945736 0.885350 0.945736 0.888535 0.941860 0.891720 0.941860 0.894904 0.937984 0.920382 0.937984 0.923567 0.934109 0.929936 0.934109 0.933121 0.930233 0.961783 0.930233 0.964968 0.926357 0.984076 0.926357 0.987261 0.922481 0.996815 0.922481 0.996815 0.914729 0.980892 0.914729 0.977707 0.918605 0.958599 0.918605 0.955414 0.922481 0.945860 0.922481
0 0.399682 0.757752 0.213376 0.081395 0.496815 0.717054 0.493631 0.720930 0.490446 0.720930 0.487261 0.724806 0.484076 0.724806 0.480892 0.728682 0.477707 0.728682 0.474522 0.732558 0.464968 0.732558 0.461783 0.736434 0.458599 0.736434 0.455414 0.732558 0.452229 0.732558 0.445860 0.740310 0.442675 0.740310 0.439490 0.736434 0.436306 0.736434 0.433121 0.732558 0.410828 0.732558 0.407643 0.728682 0.398089 0.728682 0.391720 0.736434 0.356688 0.736434 0.353503 0.740310 0.340764 0.740310 0.337580 0.736434 0.334395 0.736434 0.328025 0.744186 0.321656 0.744186 0.318471 0.748062 0.305732 0.748062 0.302548 0.744186 0.299363 0.744186 0.292994 0.751938 0.292994 0.759690 0.305732 0.775194 0.305732 0.794574 0.308917 0.794574 0.308917 0.786822 0.312102 0.782946 0.312102 0.779070 0.308917 0.775194 0.308917 0.771318 0.302548 0.763566 0.308917 0.755814 0.321656 0.755814 0.331210 0.767442 0.334395 0.763566 0.334395 0.759690 0.340764 0.751938 0.347134 0.751938 0.350318 0.748062 0.353503 0.748062 0.356688 0.744186 0.366242 0.744186 0.369427 0.748062 0.382166 0.748062 0.385350 0.744186 0.394904 0.744186 0.401274 0.736434 0.404459 0.736434 0.410828 0.744186 0.436306 0.744186 0.439490 0.748062 0.449045 0.748062 0.452229 0.744186 0.455414 0.744186 0.458599 0.740310 0.471338 0.740310 0.474522 0.736434 0.477707 0.736434 0.480892 0.732558 0.500000 0.732558 0.503185 0.728682 0.503185 0.724806
0 0.675159 0.711240 0.324841 0.058140 0.614650 0.682171 0.611465 0.686047 0.611465 0.689922 0.617834 0.697674 0.611465 0.705426 0.595541 0.705426 0.585987 0.693798 0.573248 0.709302 0.566879 0.709302 0.563694 0.705426 0.557325 0.705426 0.554140 0.709302 0.550955 0.709302 0.544586 0.717054 0.541401 0.717054 0.538217 0.720930 0.528662 0.720930 0.525478 0.724806 0.515924 0.724806 0.512739 0.728682 0.515924 0.732558 0.522293 0.732558 0.525478 0.728682 0.547771 0.728682 0.550955 0.724806 0.550955 0.720930 0.557325 0.713178 0.595541 0.713178 0.598726 0.717054 0.627389 0.717054 0.630573 0.713178 0.640127 0.713178 0.646497 0.720930 0.646497 0.724806 0.643312 0.728682 0.643312 0.732558 0.646497 0.736434 0.649682 0.736434 0.649682 0.717054 0.652866 0.713178 0.656051 0.713178 0.659236 0.709302 0.662420 0.709302 0.668790 0.717054 0.668790 0.720930 0.671975 0.720930 0.671975 0.717054 0.678344 0.709302 0.707006 0.709302 0.710191 0.705426 0.732484 0.705426 0.735669 0.709302 0.742038 0.709302 0.745223 0.705426 0.751592 0.705426 0.754777 0.709302 0.773885 0.709302 0.777070 0.705426 0.786624 0.705426 0.796178 0.693798 0.799363 0.693798 0.802548 0.689922 0.815287 0.689922 0.828025 0.705426 0.831210 0.705426 0.834395 0.701550 0.824841 0.689922 0.824841 0.686047 0.821656 0.682171 0.796178 0.682171 0.789809 0.689922 0.764331 0.689922 0.757962 0.697674 0.745223 0.697674 0.742038 0.693798 0.710191 0.693798 0.703822 0.701550 0.684713 0.701550 0.678344 0.693798 0.675159 0.693798 0.668790 0.701550 0.649682 0.701550 0.646497 0.705426 0.630573 0.705426 0.621019 0.693798 0.621019 0.686047 0.617834 0.682171
0 0.921975 0.682171 0.156051 0.069767 0.987261 0.647287 0.987261 0.651163 0.980892 0.658915 0.977707 0.658915 0.974522 0.662791 0.971338 0.662791 0.968153 0.666667 0.952229 0.666667 0.945860 0.658915 0.945860 0.655039 0.936306 0.666667 0.891720 0.666667 0.888535 0.662791 0.885350 0.662791 0.878981 0.670543 0.856688 0.670543 0.853503 0.674419 0.850318 0.674419 0.843949 0.682171 0.843949 0.689922 0.847134 0.693798 0.847134 0.701550 0.843949 0.705426 0.843949 0.713178 0.847134 0.713178 0.847134 0.709302 0.850318 0.705426 0.850318 0.701550 0.853503 0.697674 0.853503 0.689922 0.863057 0.678295 0.885350 0.678295 0.891720 0.670543 0.898089 0.670543 0.901274 0.674419 0.923567 0.674419 0.926752 0.670543 0.945860 0.670543 0.949045 0.674419 0.974522 0.674419 0.977707 0.670543 0.980892 0.670543 0.984076 0.666667 0.996815 0.666667 0.996815 0.658915 0.990446 0.651163 0.990446 0.647287
0 0.823248 0.587209 0.353503 0.127907 0.926752 0.523256 0.923567 0.527132 0.923567 0.531008 0.926752 0.534884 0.926752 0.538760 0.920382 0.546512 0.920382 0.550388 0.926752 0.550388 0.933121 0.558140 0.933121 0.562016 0.926752 0.569767 0.910828 0.569767 0.907643 0.573643 0.863057 0.573643 0.853503 0.585271 0.843949 0.585271 0.840764 0.581395 0.831210 0.581395 0.828025 0.585271 0.792994 0.585271 0.789809 0.589147 0.777070 0.589147 0.773885 0.593023 0.770701 0.593023 0.767516 0.596899 0.735669 0.596899 0.732484 0.600775 0.729299 0.600775 0.726115 0.604651 0.722930 0.604651 0.719745 0.600775 0.694268 0.600775 0.691083 0.604651 0.687898 0.604651 0.684713 0.608527 0.678344 0.608527 0.675159 0.612403 0.662420 0.612403 0.659236 0.616279 0.656051 0.616279 0.652866 0.620155 0.646497 0.620155 0.646497 0.624031 0.659236 0.624031 0.665605 0.631783 0.665605 0.643411 0.668790 0.647287 0.671975 0.643411 0.671975 0.631783 0.665605 0.624031 0.671975 0.616279 0.678344 0.616279 0.681529 0.612403 0.697452 0.612403 0.700637 0.608527 0.716561 0.608527 0.719745 0.612403 0.722930 0.612403 0.729299 0.620155 0.735669 0.620155 0.735669 0.612403 0.742038 0.604651 0.754777 0.604651 0.757962 0.608527 0.764331 0.608527 0.767516 0.604651 0.773885 0.604651 0.777070 0.600775 0.792994 0.600775 0.796178 0.596899 0.850318 0.596899 0.856688 0.604651 0.856688 0.608527 0.859873 0.608527 0.859873 0.604651 0.863057 0.600775 0.863057 0.596899 0.872611 0.585271 0.894904 0.585271 0.898089 0.581395 0.917197 0.581395 0.920382 0.577519 0.936306 0.577519 0.939490 0.581395 0.942675 0.581395 0.955414 0.596899 0.955414 0.604651 0.945860 0.616279 0.923567 0.616279 0.920382 0.620155 0.917197 0.620155 0.914013 0.616279 0.901274 0.616279 0.898089 0.620155 0.894904 0.620155 0.891720 0.624031 0.888535 0.624031 0.885350 0.627907 0.872611 0.627907 0.869427 0.631783 0.866242 0.631783 0.859873 0.624031 0.856688 0.624031 0.850318 0.631783 0.828025 0.631783 0.824841 0.627907 0.821656 0.627907 0.818471 0.631783 0.808917 0.631783 0.805732 0.627907 0.802548 0.627907 0.796178 0.635659 0.796178 0.639535 0.799363 0.643411 0.831210 0.643411 0.837580 0.635659 0.850318 0.635659 0.856688 0.643411 0.856688 0.647287 0.859873 0.647287 0.869427 0.635659 0.872611 0.635659 0.875796 0.639535 0.885350 0.639535 0.894904 0.627907 0.898089 0.627907 0.901274 0.624031 0.917197 0.624031 0.920382 0.627907 0.942675 0.627907 0.945860 0.624031 0.952229 0.624031 0.955414 0.620155 0.961783 0.620155 0.971338 0.608527 0.980892 0.608527 0.987261 0.616279 0.996815 0.616279 0.996815 0.612403 0.993631 0.612403 0.987261 0.604651 0.987261 0.600775 0.993631 0.593023 0.996815 0.593023 0.996815 0.589147 0.980892 0.589147 0.977707 0.593023 0.974522 0.593023 0.968153 0.600775 0.964968 0.600775 0.955414 0.589147 0.955414 0.581395 0.961783 0.573643 0.971338 0.573643 0.974522 0.569767 0.996815 0.569767 0.996815 0.558140 0.987261 0.558140 0.984076 0.562016 0.971338 0.562016 0.968153 0.565891 0.964968 0.565891 0.961783 0.569767 0.952229 0.569767 0.945860 0.562016 0.945860 0.558140 0.936306 0.546512 0.936306 0.542636 0.933121 0.538760 0.933121 0.531008 0.936306 0.527132 0.933121 0.523256
0 0.079618 0.544574 0.159236 0.050388 0.133758 0.519380 0.130573 0.523256 0.114650 0.523256 0.108280 0.531008 0.095541 0.531008 0.089172 0.538760 0.060510 0.538760 0.050955 0.550388 0.000000 0.550388 0.000000 0.562016 0.003185 0.562016 0.006369 0.565891 0.009554 0.565891 0.015924 0.558140 0.050955 0.558140 0.054140 0.554264 0.060510 0.554264 0.063694 0.550388 0.070064 0.550388 0.073248 0.546512 0.079618 0.546512 0.082803 0.542636 0.089172 0.542636 0.092357 0.538760 0.111465 0.538760 0.114650 0.534884 0.117834 0.534884 0.124204 0.527132 0.156051 0.527132 0.156051 0.523256 0.152866 0.519380
0 0.270701 0.608527 0.439490 0.209302 0.449045 0.503876 0.445860 0.507752 0.442675 0.507752 0.439490 0.511628 0.436306 0.511628 0.433121 0.515504 0.429936 0.515504 0.426752 0.519380 0.414013 0.519380 0.407643 0.511628 0.407643 0.507752 0.404459 0.507752 0.404459 0.527132 0.401274 0.531008 0.394904 0.531008 0.382166 0.515504 0.375796 0.515504 0.372611 0.519380 0.388535 0.538760 0.382166 0.546512 0.378981 0.546512 0.375796 0.550388 0.369427 0.550388 0.363057 0.558140 0.353503 0.558140 0.350318 0.562016 0.331210 0.562016 0.328025 0.565891 0.324841 0.565891 0.321656 0.569767 0.308917 0.569767 0.302548 0.577519 0.296178 0.577519 0.292994 0.581395 0.286624 0.581395 0.283439 0.577519 0.277070 0.577519 0.267516 0.589147 0.264331 0.589147 0.261146 0.585271 0.248408 0.600775 0.245223 0.600775 0.242038 0.596899 0.235669 0.596899 0.229299 0.589147 0.216561 0.604651 0.213376 0.604651 0.207006 0.612403 0.200637 0.612403 0.197452 0.608527 0.197452 0.581395 0.200637 0.577519 0.197452 0.573643 0.191083 0.573643 0.187898 0.577519 0.187898 0.581395 0.191083 0.585271 0.191083 0.596899 0.194268 0.600775 0.194268 0.608527 0.184713 0.620155 0.181529 0.620155 0.178344 0.624031 0.175159 0.624031 0.171975 0.620155 0.168790 0.620155 0.162420 0.627907 0.152866 0.627907 0.149682 0.624031 0.143312 0.624031 0.136943 0.631783 0.133758 0.631783 0.130573 0.627907 0.124204 0.627907 0.117834 0.620155 0.114650 0.620155 0.108280 0.627907 0.105096 0.627907 0.101911 0.631783 0.095541 0.631783 0.092357 0.635659 0.079618 0.635659 0.073248 0.643411 0.054140 0.643411 0.050955 0.647287 0.054140 0.651163 0.070064 0.651163 0.073248 0.647287 0.085987 0.647287 0.089172 0.643411 0.101911 0.643411 0.105096 0.639535 0.108280 0.639535 0.114650 0.631783 0.124204 0.631783 0.127389 0.635659 0.136943 0.635659 0.140127 0.639535 0.143312 0.639535 0.146497 0.635659 0.152866 0.635659 0.156051 0.639535 0.162420 0.639535 0.168790 0.631783 0.178344 0.631783 0.181529 0.627907 0.191083 0.627907 0.194268 0.624031 0.203822 0.624031 0.207006 0.620155 0.216561 0.620155 0.216561 0.616279 0.226115 0.604651 0.229299 0.604651 0.235669 0.612403 0.245223 0.612403 0.254777 0.624031 0.254777 0.627907 0.270701 0.647287 0.270701 0.655039 0.273885 0.658915 0.273885 0.662791 0.277070 0.666667 0.277070 0.670543 0.280255 0.674419 0.280255 0.682171 0.273885 0.689922 0.273885 0.693798 0.283439 0.693798 0.286624 0.689922 0.286624 0.686047 0.289809 0.682171 0.289809 0.678295 0.286624 0.674419 0.286624 0.670543 0.283439 0.666667 0.283439 0.662791 0.280255 0.658915 0.280255 0.655039 0.277070 0.651163 0.277070 0.647287 0.273885 0.643411 0.273885 0.639535 0.267516 0.631783 0.267516 0.627907 0.261146 0.620155 0.261146 0.608527 0.270701 0.596899 0.273885 0.596899 0.277070 0.593023 0.283439 0.593023 0.286624 0.589147 0.292994 0.589147 0.296178 0.585271 0.302548 0.585271 0.305732 0.581395 0.312102 0.581395 0.315287 0.577519 0.318471 0.577519 0.321656 0.581395 0.324841 0.581395 0.328025 0.577519 0.331210 0.577519 0.334395 0.573643 0.337580 0.573643 0.340764 0.569767 0.353503 0.569767 0.356688 0.565891 0.359873 0.565891 0.363057 0.569767 0.372611 0.569767 0.398089 0.538760 0.401274 0.538760 0.407643 0.546512 0.407643 0.554264 0.410828 0.558140 0.410828 0.573643 0.407643 0.577519 0.417197 0.589147 0.417197 0.596899 0.414013 0.600775 0.426752 0.616279 0.426752 0.620155 0.429936 0.624031 0.429936 0.627907 0.433121 0.631783 0.433121 0.635659 0.436306 0.639535 0.436306 0.647287 0.439490 0.651163 0.439490 0.655039 0.442675 0.658915 0.442675 0.662791 0.445860 0.666667 0.445860 0.670543 0.449045 0.674419 0.449045 0.682171 0.455414 0.689922 0.455414 0.697674 0.449045 0.705426 0.449045 0.709302 0.458599 0.709302 0.471338 0.693798 0.474522 0.693798 0.477707 0.689922 0.484076 0.689922 0.487261 0.686047 0.487261 0.682171 0.484076 0.678295 0.477707 0.678295 0.474522 0.682171 0.471338 0.682171 0.468153 0.686047 0.464968 0.686047 0.455414 0.674419 0.455414 0.670543 0.449045 0.662791 0.449045 0.658915 0.445860 0.655039 0.445860 0.651163 0.442675 0.647287 0.442675 0.639535 0.439490 0.635659 0.439490 0.624031 0.436306 0.620155 0.436306 0.604651 0.433121 0.604651 0.426752 0.596899 0.426752 0.589147 0.423567 0.585271 0.423567 0.581395 0.420382 0.577519 0.420382 0.562016 0.417197 0.558140 0.417197 0.534884 0.423567 0.527132 0.426752 0.527132 0.429936 0.523256 0.433121 0.523256 0.439490 0.515504 0.442675 0.515504 0.445860 0.511628 0.452229 0.511628 0.455414 0.507752 0.452229 0.503876
0 0.253185 0.368217 0.168790 0.310078 0.213376 0.213178 0.213376 0.220930 0.219745 0.228682 0.219745 0.236434 0.222930 0.240310 0.222930 0.251938 0.226115 0.255814 0.226115 0.259690 0.229299 0.263566 0.232484 0.263566 0.245223 0.279070 0.245223 0.282946 0.248408 0.286822 0.248408 0.294574 0.251592 0.298450 0.251592 0.302326 0.257962 0.310078 0.257962 0.333333 0.261146 0.337209 0.261146 0.341085 0.264331 0.344961 0.264331 0.364341 0.267516 0.368217 0.267516 0.387597 0.270701 0.391473 0.270701 0.403101 0.273885 0.406977 0.273885 0.410853 0.277070 0.414729 0.277070 0.426357 0.273885 0.430233 0.273885 0.434109 0.289809 0.453488 0.289809 0.465116 0.280255 0.476744 0.267516 0.476744 0.254777 0.492248 0.242038 0.492248 0.238854 0.496124 0.235669 0.496124 0.232484 0.500000 0.226115 0.500000 0.222930 0.503876 0.216561 0.503876 0.213376 0.500000 0.203822 0.500000 0.200637 0.503876 0.187898 0.503876 0.181529 0.511628 0.171975 0.511628 0.168790 0.515504 0.171975 0.519380 0.175159 0.519380 0.178344 0.515504 0.191083 0.515504 0.194268 0.511628 0.197452 0.511628 0.200637 0.507752 0.207006 0.507752 0.213376 0.515504 0.216561 0.515504 0.222930 0.507752 0.229299 0.507752 0.232484 0.503876 0.235669 0.503876 0.242038 0.496124 0.261146 0.496124 0.267516 0.488372 0.280255 0.488372 0.283439 0.484496 0.286624 0.484496 0.289809 0.480620 0.292994 0.480620 0.296178 0.476744 0.312102 0.476744 0.312102 0.468992 0.321656 0.457364 0.324841 0.457364 0.328025 0.453488 0.331210 0.453488 0.334395 0.449612 0.334395 0.445736 0.331210 0.445736 0.328025 0.441860 0.321656 0.441860 0.308917 0.457364 0.302548 0.457364 0.299363 0.453488 0.299363 0.449612 0.289809 0.437984 0.289809 0.426357 0.286624 0.422481 0.286624 0.414729 0.283439 0.410853 0.283439 0.406977 0.280255 0.403101 0.280255 0.399225 0.277070 0.395349 0.277070 0.391473 0.273885 0.387597 0.273885 0.364341 0.270701 0.360465 0.270701 0.341085 0.267516 0.337209 0.267516 0.333333 0.264331 0.329457 0.264331 0.306202 0.261146 0.302326 0.261146 0.294574 0.251592 0.282946 0.251592 0.275194 0.248408 0.271318 0.248408 0.267442 0.245223 0.263566 0.245223 0.255814 0.242038 0.251938 0.238854 0.255814 0.229299 0.244186 0.229299 0.232558 0.226115 0.228682 0.226115 0.224806 0.216561 0.213178
0 0.369427 0.282946 0.133758 0.325581 0.312102 0.120155 0.308917 0.124031 0.308917 0.127907 0.305732 0.131783 0.305732 0.139535 0.302548 0.143411 0.302548 0.147287 0.305732 0.143411 0.308917 0.143411 0.312102 0.139535 0.318471 0.139535 0.324841 0.147287 0.324841 0.155039 0.318471 0.162791 0.318471 0.178295 0.331210 0.193798 0.331210 0.224806 0.337580 0.232558 0.337580 0.259690 0.340764 0.263566 0.340764 0.275194 0.343949 0.279070 0.343949 0.282946 0.347134 0.286822 0.347134 0.290698 0.356688 0.302326 0.356688 0.310078 0.369427 0.325581 0.369427 0.329457 0.372611 0.333333 0.372611 0.337209 0.375796 0.341085 0.375796 0.344961 0.378981 0.348837 0.378981 0.352713 0.391720 0.368217 0.391720 0.372093 0.394904 0.375969 0.394904 0.391473 0.404459 0.403101 0.398089 0.410853 0.394904 0.410853 0.391720 0.414729 0.385350 0.414729 0.382166 0.418605 0.378981 0.418605 0.375796 0.422481 0.366242 0.422481 0.356688 0.434109 0.353503 0.434109 0.347134 0.441860 0.359873 0.441860 0.363057 0.437984 0.366242 0.437984 0.372611 0.430233 0.378981 0.430233 0.382166 0.426357 0.385350 0.426357 0.388535 0.422481 0.391720 0.422481 0.394904 0.418605 0.398089 0.418605 0.401274 0.414729 0.420382 0.414729 0.420382 0.403101 0.426752 0.395349 0.433121 0.395349 0.433121 0.391473 0.426752 0.391473 0.423567 0.395349 0.420382 0.395349 0.417197 0.391473 0.410828 0.391473 0.401274 0.379845 0.401274 0.375969 0.394904 0.368217 0.394904 0.364341 0.385350 0.352713 0.385350 0.344961 0.382166 0.341085 0.382166 0.333333 0.378981 0.329457 0.378981 0.325581 0.366242 0.310078 0.366242 0.306202 0.363057 0.302326 0.363057 0.298450 0.353503 0.286822 0.353503 0.282946 0.350318 0.279070 0.350318 0.275194 0.343949 0.267442 0.343949 0.244186 0.340764 0.240310 0.340764 0.201550 0.337580 0.197674 0.337580 0.193798 0.331210 0.186047 0.331210 0.178295 0.328025 0.174419 0.328025 0.166667 0.331210 0.162791 0.331210 0.151163 0.328025 0.147287 0.328025 0.143411 0.318471 0.131783 0.318471 0.127907
0 0.761146 0.282946 0.477707 0.565891 0.850318 0.000000 0.850318 0.023256 0.853503 0.023256 0.859873 0.031008 0.859873 0.054264 0.853503 0.062016 0.850318 0.062016 0.843949 0.054264 0.840764 0.054264 0.834395 0.046512 0.831210 0.050388 0.837580 0.058140 0.843949 0.058140 0.847134 0.062016 0.850318 0.062016 0.863057 0.077519 0.863057 0.085271 0.866242 0.089147 0.866242 0.093023 0.872611 0.100775 0.872611 0.116279 0.875796 0.120155 0.875796 0.139535 0.878981 0.143411 0.878981 0.147287 0.882166 0.151163 0.872611 0.162791 0.866242 0.162791 0.863057 0.158915 0.856688 0.158915 0.847134 0.147287 0.847134 0.139535 0.853503 0.131783 0.856688 0.131783 0.859873 0.127907 0.859873 0.124031 0.856688 0.124031 0.853503 0.127907 0.850318 0.127907 0.847134 0.131783 0.840764 0.131783 0.831210 0.120155 0.828025 0.124031 0.828025 0.127907 0.821656 0.135659 0.824841 0.139535 0.831210 0.139535 0.837580 0.147287 0.837580 0.155039 0.831210 0.162791 0.828025 0.162791 0.824841 0.166667 0.818471 0.166667 0.815287 0.162791 0.812102 0.162791 0.808917 0.166667 0.799363 0.166667 0.792994 0.174419 0.789809 0.174419 0.783439 0.182171 0.777070 0.174419 0.780255 0.170543 0.780255 0.139535 0.777070 0.135659 0.777070 0.127907 0.773885 0.124031 0.773885 0.112403 0.770701 0.108527 0.757962 0.124031 0.754777 0.124031 0.754777 0.127907 0.757962 0.127907 0.761146 0.131783 0.764331 0.131783 0.770701 0.139535 0.770701 0.143411 0.773885 0.147287 0.773885 0.174419 0.761146 0.189922 0.757962 0.189922 0.754777 0.193798 0.751592 0.193798 0.745223 0.186047 0.742038 0.186047 0.735669 0.193798 0.729299 0.186047 0.729299 0.166667 0.726115 0.162791 0.726115 0.147287 0.722930 0.143411 0.722930 0.139535 0.719745 0.135659 0.719745 0.116279 0.716561 0.112403 0.716561 0.104651 0.713376 0.104651 0.713376 0.124031 0.710191 0.127907 0.710191 0.131783 0.713376 0.135659 0.713376 0.143411 0.716561 0.147287 0.716561 0.158915 0.719745 0.162791 0.719745 0.174419 0.722930 0.178295 0.722930 0.189922 0.713376 0.201550 0.703822 0.201550 0.700637 0.197674 0.697452 0.197674 0.691083 0.189922 0.691083 0.186047 0.694268 0.182171 0.694268 0.174419 0.691083 0.174419 0.681529 0.186047 0.671975 0.186047 0.659236 0.170543 0.659236 0.166667 0.656051 0.162791 0.656051 0.158915 0.652866 0.158915 0.649682 0.162791 0.649682 0.166667 0.656051 0.174419 0.656051 0.178295 0.665605 0.189922 0.678344 0.189922 0.681529 0.193798 0.684713 0.193798 0.691083 0.201550 0.691083 0.209302 0.684713 0.217054 0.684713 0.220930 0.681529 0.224806 0.681529 0.228682 0.668790 0.244186 0.662420 0.244186 0.656051 0.251938 0.652866 0.251938 0.643312 0.263566 0.640127 0.263566 0.636943 0.267442 0.633758 0.267442 0.624204 0.279070 0.621019 0.279070 0.614650 0.271318 0.614650 0.263566 0.611465 0.259690 0.611465 0.255814 0.608280 0.251938 0.608280 0.236434 0.605096 0.232558 0.605096 0.224806 0.601911 0.220930 0.601911 0.213178 0.595541 0.205426 0.595541 0.201550 0.592357 0.197674 0.592357 0.155039 0.589172 0.151163 0.589172 0.143411 0.585987 0.143411 0.585987 0.147287 0.579618 0.155039 0.579618 0.158915 0.582803 0.162791 0.582803 0.166667 0.585987 0.170543 0.585987 0.178295 0.582803 0.182171 0.582803 0.186047 0.589172 0.193798 0.589172 0.213178 0.595541 0.220930 0.595541 0.232558 0.598726 0.236434 0.598726 0.244186 0.595541 0.248062 0.595541 0.251938 0.601911 0.259690 0.601911 0.263566 0.605096 0.267442 0.605096 0.271318 0.608280 0.275194 0.608280 0.286822 0.611465 0.290698 0.614650 0.290698 0.621019 0.298450 0.621019 0.302326 0.624204 0.306202 0.624204 0.313953 0.621019 0.317829 0.611465 0.317829 0.601911 0.306202 0.595541 0.306202 0.592357 0.310078 0.592357 0.313953 0.601911 0.313953 0.608280 0.321705 0.608280 0.325581 0.611465 0.329457 0.614650 0.329457 0.636943 0.356589 0.636943 0.360465 0.646497 0.372093 0.646497 0.375969 0.649682 0.379845 0.649682 0.383721 0.633758 0.403101 0.624204 0.403101 0.621019 0.406977 0.608280 0.406977 0.605096 0.410853 0.605096 0.414729 0.598726 0.422481 0.589172 0.410853 0.585987 0.410853 0.582803 0.414729 0.579618 0.414729 0.576433 0.410853 0.573248 0.410853 0.570064 0.414729 0.570064 0.418605 0.573248 0.418605 0.576433 0.422481 0.576433 0.430233 0.570064 0.437984 0.563694 0.437984 0.560510 0.441860 0.541401 0.441860 0.538217 0.445736 0.535032 0.445736 0.531847 0.441860 0.522293 0.441860 0.522293 0.445736 0.525478 0.445736 0.528662 0.449612 0.538217 0.449612 0.541401 0.453488 0.550955 0.453488 0.554140 0.449612 0.557325 0.449612 0.560510 0.445736 0.563694 0.445736 0.566879 0.441860 0.570064 0.441860 0.573248 0.437984 0.576433 0.437984 0.579618 0.434109 0.582803 0.434109 0.585987 0.430233 0.589172 0.430233 0.595541 0.437984 0.598726 0.437984 0.605096 0.445736 0.605096 0.453488 0.608280 0.457364 0.608280 0.465116 0.611465 0.468992 0.611465 0.480620 0.614650 0.484496 0.614650 0.496124 0.617834 0.500000 0.617834 0.511628 0.624204 0.519380 0.624204 0.523256 0.627389 0.527132 0.627389 0.531008 0.630573 0.534884 0.630573 0.538760 0.633758 0.542636 0.633758 0.546512 0.636943 0.550388 0.636943 0.554264 0.643312 0.562016 0.649682 0.562016 0.649682 0.554264 0.646497 0.550388 0.646497 0.546512 0.640127 0.538760 0.640127 0.534884 0.636943 0.531008 0.636943 0.527132 0.633758 0.523256 0.633758 0.515504 0.630573 0.511628 0.630573 0.500000 0.627389 0.496124 0.627389 0.480620 0.624204 0.476744 0.624204 0.472868 0.621019 0.468992 0.621019 0.457364 0.617834 0.453488 0.617834 0.441860 0.621019 0.437984 0.608280 0.422481 0.614650 0.414729 0.624204 0.414729 0.633758 0.403101 0.643312 0.403101 0.646497 0.399225 0.649682 0.399225 0.652866 0.395349 0.656051 0.395349 0.659236 0.391473 0.687898 0.391473 0.694268 0.399225 0.694268 0.406977 0.697452 0.410853 0.697452 0.426357 0.700637 0.426357 0.703822 0.422481 0.703822 0.414729 0.700637 0.410853 0.700637 0.399225 0.697452 0.395349 0.697452 0.387597 0.691083 0.379845 0.684713 0.379845 0.681529 0.375969 0.671975 0.375969 0.668790 0.379845 0.662420 0.379845 0.656051 0.372093 0.656051 0.368217 0.652866 0.364341 0.652866 0.360465 0.643312 0.348837 0.643312 0.341085 0.640127 0.337209 0.640127 0.325581 0.633758 0.317829 0.633758 0.310078 0.630573 0.306202 0.630573 0.298450 0.627389 0.294574 0.627389 0.290698 0.633758 0.282946 0.640127 0.282946 0.649682 0.294574 0.649682 0.302326 0.656051 0.302326 0.656051 0.290698 0.643312 0.275194 0.649682 0.267442 0.652866 0.267442 0.665605 0.251938 0.668790 0.251938 0.675159 0.259690 0.681529 0.259690 0.681529 0.244186 0.684713 0.240310 0.684713 0.228682 0.694268 0.217054 0.700637 0.217054 0.707006 0.224806 0.707006 0.228682 0.700637 0.236434 0.713376 0.251938 0.713376 0.259690 0.716561 0.263566 0.716561 0.275194 0.719745 0.279070 0.719745 0.290698 0.722930 0.294574 0.729299 0.294574 0.729299 0.286822 0.726115 0.282946 0.726115 0.275194 0.722930 0.271318 0.722930 0.248062 0.719745 0.244186 0.719745 0.228682 0.713376 0.220930 0.713376 0.217054 0.719745 0.209302 0.738854 0.209302 0.742038 0.205426 0.757962 0.205426 0.764331 0.213178 0.764331 0.224806 0.767516 0.228682 0.767516 0.232558 0.773885 0.240310 0.773885 0.248062 0.777070 0.251938 0.777070 0.255814 0.783439 0.263566 0.783439 0.267442 0.789809 0.275194 0.796178 0.275194 0.796178 0.271318 0.783439 0.255814 0.783439 0.251938 0.780255 0.248062 0.780255 0.232558 0.773885 0.224806 0.773885 0.217054 0.767516 0.209302 0.767516 0.205426 0.770701 0.201550 0.770701 0.197674 0.780255 0.186047 0.789809 0.186047 0.792994 0.182171 0.802548 0.182171 0.805732 0.186047 0.812102 0.186047 0.824841 0.170543 0.837580 0.170543 0.843949 0.178295 0.847134 0.178295 0.853503 0.170543 0.878981 0.170543 0.885350 0.178295 0.891720 0.178295 0.891720 0.174419 0.901274 0.162791 0.914013 0.162791 0.917197 0.158915 0.933121 0.158915 0.936306 0.162791 0.939490 0.162791 0.945860 0.170543 0.945860 0.186047 0.952229 0.193798 0.952229 0.201550 0.955414 0.205426 0.955414 0.217054 0.952229 0.220930 0.952229 0.232558 0.942675 0.244186 0.942675 0.248062 0.949045 0.248062 0.955414 0.240310 0.958599 0.240310 0.968153 0.251938 0.968153 0.279070 0.971338 0.282946 0.971338 0.290698 0.968153 0.294574 0.968153 0.306202 0.971338 0.310078 0.971338 0.329457 0.977707 0.329457 0.980892 0.325581 0.984076 0.325581 0.984076 0.317829 0.977707 0.310078 0.977707 0.263566 0.974522 0.259690 0.974522 0.251938 0.964968 0.240310 0.964968 0.228682 0.968153 0.224806 0.968153 0.217054 0.964968 0.213178 0.964968 0.209302 0.971338 0.201550 0.974522 0.201550 0.974522 0.193798 0.971338 0.193798 0.964968 0.186047 0.964968 0.182171 0.958599 0.174419 0.968153 0.162791 0.974522 0.162791 0.984076 0.151163 0.996815 0.151163 0.996815 0.143411 0.993631 0.139535 0.990446 0.139535 0.980892 0.151163 0.968153 0.151163 0.961783 0.143411 0.958599 0.147287 0.961783 0.151163 0.961783 0.155039 0.955414 0.162791 0.949045 0.162791 0.939490 0.151163 0.939490 0.143411 0.945860 0.135659 0.952229 0.135659 0.955414 0.131783 0.955414 0.124031 0.958599 0.120155 0.958599 0.116279 0.961783 0.112403 0.961783 0.100775 0.958599 0.096899 0.952229 0.096899 0.945860 0.104651 0.929936 0.104651 0.926752 0.100775 0.923567 0.100775 0.920382 0.104651 0.923567 0.108527 0.926752 0.108527 0.929936 0.112403 0.945860 0.112403 0.952229 0.120155 0.952229 0.124031 0.936306 0.143411 0.933121 0.143411 0.929936 0.147287 0.923567 0.147287 0.920382 0.143411 0.914013 0.143411 0.898089 0.162791 0.894904 0.162791 0.888535 0.155039 0.888535 0.143411 0.882166 0.135659 0.882166 0.131783 0.885350 0.127907 0.885350 0.120155 0.888535 0.116279 0.878981 0.116279 0.875796 0.112403 0.875796 0.108527 0.882166 0.100775 0.885350 0.100775 0.888535 0.096899 0.882166 0.089147 0.878981 0.089147 0.872611 0.081395 0.872611 0.069767 0.875796 0.065891 0.875796 0.062016 0.872611 0.058140 0.872611 0.054264 0.869427 0.050388 0.869427 0.031008 0.872611 0.027132 0.872611 0.023256 0.859873 0.007752 0.859873 0.003876 0.863057 0.000000
0 0.474522 0.143411 0.197452 0.286822 0.474522 0.000000 0.474522 0.003876 0.477707 0.007752 0.477707 0.031008 0.471338 0.038760 0.468153 0.038760 0.464968 0.042636 0.464968 0.046512 0.468153 0.050388 0.471338 0.050388 0.490446 0.073643 0.490446 0.081395 0.493631 0.085271 0.493631 0.093023 0.490446 0.096899 0.490446 0.100775 0.484076 0.108527 0.484076 0.116279 0.490446 0.124031 0.490446 0.131783 0.493631 0.135659 0.493631 0.139535 0.509554 0.158915 0.509554 0.174419 0.503185 0.182171 0.484076 0.182171 0.480892 0.186047 0.474522 0.186047 0.468153 0.178295 0.468153 0.174419 0.471338 0.170543 0.471338 0.162791 0.468153 0.158915 0.468153 0.151163 0.471338 0.147287 0.468153 0.147287 0.464968 0.151163 0.461783 0.151163 0.458599 0.147287 0.455414 0.151163 0.468153 0.166667 0.468153 0.170543 0.461783 0.178295 0.445860 0.178295 0.433121 0.162791 0.429936 0.162791 0.426752 0.158915 0.420382 0.158915 0.417197 0.162791 0.404459 0.162791 0.391720 0.147287 0.391720 0.143411 0.398089 0.135659 0.398089 0.127907 0.394904 0.124031 0.394904 0.104651 0.401274 0.096899 0.404459 0.096899 0.404459 0.093023 0.394904 0.093023 0.388535 0.085271 0.388535 0.077519 0.385350 0.077519 0.385350 0.081395 0.388535 0.085271 0.388535 0.104651 0.385350 0.108527 0.385350 0.112403 0.388535 0.116279 0.388535 0.131783 0.385350 0.135659 0.385350 0.143411 0.375796 0.155039 0.378981 0.158915 0.382166 0.158915 0.385350 0.162791 0.388535 0.162791 0.398089 0.174419 0.398089 0.182171 0.401274 0.186047 0.401274 0.193798 0.404459 0.197674 0.407643 0.197674 0.410828 0.193798 0.410828 0.186047 0.417197 0.178295 0.423567 0.178295 0.429936 0.186047 0.429936 0.189922 0.458599 0.189922 0.464968 0.197674 0.464968 0.209302 0.468153 0.213178 0.468153 0.220930 0.471338 0.224806 0.471338 0.236434 0.468153 0.240310 0.468153 0.255814 0.471338 0.259690 0.474522 0.259690 0.480892 0.267442 0.480892 0.279070 0.484076 0.282946 0.487261 0.282946 0.487261 0.263566 0.484076 0.259690 0.484076 0.255814 0.477707 0.248062 0.477707 0.224806 0.474522 0.220930 0.474522 0.213178 0.471338 0.209302 0.471338 0.205426 0.468153 0.201550 0.474522 0.193798 0.503185 0.193798 0.512739 0.205426 0.512739 0.213178 0.519108 0.213178 0.519108 0.201550 0.515924 0.197674 0.515924 0.186047 0.519108 0.182171 0.519108 0.174419 0.525478 0.166667 0.544586 0.166667 0.547771 0.170543 0.547771 0.178295 0.550955 0.182171 0.554140 0.178295 0.554140 0.174419 0.560510 0.166667 0.563694 0.166667 0.570064 0.158915 0.570064 0.155039 0.566879 0.151163 0.566879 0.147287 0.570064 0.143411 0.566879 0.139535 0.563694 0.143411 0.563694 0.147287 0.554140 0.158915 0.544586 0.158915 0.541401 0.155039 0.538217 0.155039 0.535032 0.158915 0.528662 0.158915 0.525478 0.162791 0.522293 0.162791 0.509554 0.147287 0.509554 0.143411 0.506369 0.139535 0.506369 0.131783 0.500000 0.124031 0.500000 0.120155 0.496815 0.116279 0.496815 0.112403 0.500000 0.108527 0.500000 0.093023 0.496815 0.089147 0.496815 0.073643 0.493631 0.069767 0.493631 0.050388 0.500000 0.042636 0.503185 0.042636 0.509554 0.034884 0.509554 0.027132 0.503185 0.027132 0.493631 0.038760 0.490446 0.038760 0.484076 0.031008 0.484076 0.011628 0.480892 0.007752 0.480892 0.000000
0 0.154459 0.062016 0.162420 0.124031 0.076433 0.000000 0.076433 0.011628 0.079618 0.015504 0.079618 0.019380 0.082803 0.023256 0.082803 0.027132 0.085987 0.031008 0.085987 0.034884 0.089172 0.038760 0.089172 0.050388 0.092357 0.054264 0.092357 0.058140 0.095541 0.062016 0.095541 0.065891 0.073248 0.093023 0.073248 0.096899 0.076433 0.096899 0.085987 0.085271 0.089172 0.085271 0.092357 0.081395 0.095541 0.081395 0.127389 0.120155 0.130573 0.120155 0.130573 0.100775 0.124204 0.093023 0.121019 0.093023 0.108280 0.077519 0.108280 0.073643 0.114650 0.065891 0.117834 0.065891 0.121019 0.062016 0.121019 0.058140 0.124204 0.054264 0.124204 0.050388 0.130573 0.042636 0.156051 0.042636 0.159236 0.046512 0.168790 0.046512 0.171975 0.042636 0.175159 0.042636 0.178344 0.038760 0.181529 0.038760 0.184713 0.042636 0.187898 0.042636 0.191083 0.038760 0.191083 0.031008 0.200637 0.019380 0.213376 0.034884 0.219745 0.034884 0.226115 0.027132 0.232484 0.027132 0.232484 0.023256 0.222930 0.023256 0.219745 0.027132 0.213376 0.027132 0.207006 0.019380 0.207006 0.015504 0.200637 0.007752 0.200637 0.000000 0.191083 0.000000 0.191083 0.007752 0.194268 0.011628 0.194268 0.015504 0.187898 0.023256 0.175159 0.023256 0.168790 0.031008 0.152866 0.031008 0.149682 0.034884 0.146497 0.034884 0.140127 0.027132 0.140127 0.019380 0.136943 0.015504 0.133758 0.015504 0.124204 0.027132 0.124204 0.038760 0.121019 0.042636 0.121019 0.046512 0.111465 0.058140 0.105096 0.058140 0.098726 0.050388 0.098726 0.046512 0.095541 0.042636 0.095541 0.027132 0.101911 0.019380 0.101911 0.011628 0.098726 0.011628 0.092357 0.019380 0.089172 0.019380 0.082803 0.011628 0.082803 0.000000