0 0.707721 0.953947 0.584559 0.092105 0.952206 0.907895 0.944853 0.916667 0.930147 0.916667 0.926471 0.921053 0.904412 0.921053 0.900735 0.925439 0.878676 0.925439 0.875000 0.929825 0.856618 0.929825 0.852941 0.934211 0.827206 0.934211 0.823529 0.938596 0.786765 0.938596 0.783088 0.942982 0.757353 0.942982 0.753676 0.947368 0.727941 0.947368 0.724265 0.951754 0.698529 0.951754 0.694853 0.956140 0.683824 0.956140 0.680147 0.960526 0.650735 0.960526 0.643382 0.951754 0.643382 0.938596 0.639706 0.938596 0.636029 0.942982 0.636029 0.956140 0.628676 0.964912 0.625000 0.964912 0.617647 0.956140 0.613971 0.956140 0.602941 0.969298 0.599265 0.969298 0.595588 0.973684 0.584559 0.973684 0.580882 0.978070 0.558824 0.978070 0.555147 0.982456 0.522059 0.982456 0.518382 0.986842 0.481618 0.986842 0.477941 0.991228 0.459559 0.991228 0.455882 0.995614 0.415441 0.995614 0.533088 0.995614 0.536765 0.991228 0.566176 0.991228 0.569853 0.986842 0.577206 0.986842 0.584559 0.995614 0.591912 0.995614 0.591912 0.991228 0.602941 0.978070 0.613971 0.978070 0.617647 0.973684 0.650735 0.973684 0.654412 0.969298 0.672794 0.969298 0.676471 0.973684 0.676471 0.982456 0.669118 0.991228 0.661765 0.991228 0.658088 0.986842 0.650735 0.986842 0.643382 0.995614 0.610294 0.995614 0.702206 0.995614 0.705882 0.991228 0.720588 0.991228 0.724265 0.986842 0.775735 0.986842 0.783088 0.995614 0.790441 0.995614 0.797794 0.986842 0.801471 0.986842 0.801471 0.969298 0.794118 0.969298 0.790441 0.973684 0.772059 0.973684 0.768382 0.978070 0.746324 0.978070 0.738971 0.969298 0.738971 0.964912 0.746324 0.956140 0.761029 0.956140 0.764706 0.951754 0.786765 0.951754 0.790441 0.947368 0.827206 0.947368 0.830882 0.942982 0.849265 0.942982 0.856618 0.951754 0.856618 0.956140 0.852941 0.960526 0.852941 0.978070 0.863971 0.964912 0.867647 0.969298 0.875000 0.969298 0.878676 0.964912 0.900735 0.964912 0.904412 0.969298 0.915441 0.969298 0.919118 0.964912 0.937500 0.964912 0.941176 0.969298 0.944853 0.969298 0.955882 0.956140 0.974265 0.956140 0.981618 0.947368 0.955882 0.947368 0.952206 0.951754 0.944853 0.951754 0.941176 0.956140 0.937500 0.956140 0.933824 0.951754 0.908088 0.951754 0.900735 0.960526 0.897059 0.960526 0.893382 0.956140 0.871324 0.956140 0.863971 0.947368 0.863971 0.942982 0.871324 0.934211 0.897059 0.934211 0.900735 0.938596 0.908088 0.938596 0.915441 0.929825 0.919118 0.929825 0.922794 0.925439 0.944853 0.925439 0.948529 0.921053 0.977941 0.921053 0.981618 0.916667 0.996324 0.916667 0.996324 0.907895 0.981618 0.907895 0.977941 0.912281 0.959559 0.912281 0.955882 0.907895
0 0.170956 0.949561 0.341912 0.100877 0.290441 0.899123 0.279412 0.912281 0.275735 0.912281 0.272059 0.907895 0.268382 0.907895 0.264706 0.903509 0.261029 0.903509 0.246324 0.921053 0.231618 0.921053 0.224265 0.929825 0.187500 0.929825 0.183824 0.934211 0.165441 0.934211 0.161765 0.938596 0.154412 0.938596 0.150735 0.942982 0.136029 0.942982 0.132353 0.947368 0.125000 0.947368 0.121324 0.951754 0.099265 0.951754 0.095588 0.956140 0.073529 0.956140 0.069853 0.960526 0.058824 0.960526 0.047794 0.947368 0.044118 0.951754 0.044118 0.956140 0.036765 0.964912 0.025735 0.964912 0.022059 0.969298 0.000000 0.969298 0.000000 0.978070 0.029412 0.978070 0.033088 0.973684 0.069853 0.973684 0.084559 0.991228 0.084559 0.995614 0.095588 0.995614 0.095588 0.991228 0.091912 0.991228 0.080882 0.978070 0.080882 0.973684 0.088235 0.964912 0.102941 0.964912 0.106618 0.960526 0.128676 0.960526 0.132353 0.956140 0.150735 0.956140 0.154412 0.951754 0.169118 0.951754 0.172794 0.947368 0.198529 0.947368 0.205882 0.938596 0.227941 0.938596 0.231618 0.934211 0.242647 0.934211 0.246324 0.929825 0.250000 0.929825 0.261029 0.916667 0.268382 0.916667 0.272059 0.921053 0.308824 0.921053 0.323529 0.938596 0.323529 0.942982 0.312500 0.956140 0.316176 0.960526 0.327206 0.947368 0.327206 0.934211 0.316176 0.921053 0.316176 0.916667 0.323529 0.907895 0.330882 0.907895 0.334559 0.912281 0.338235 0.912281 0.338235 0.907895 0.334559 0.903509 0.316176 0.903509 0.312500 0.907895 0.305147 0.907895 0.297794 0.899123
0 0.461397 0.885965 0.172794 0.052632 0.533088 0.859649 0.529412 0.864035 0.529412 0.868421 0.522059 0.877193 0.488971 0.877193 0.485294 0.881579 0.448529 0.881579 0.444853 0.885965 0.419118 0.885965 0.415441 0.881579 0.411765 0.881579 0.400735 0.894737 0.393382 0.894737 0.389706 0.899123 0.378676 0.899123 0.375000 0.903509 0.378676 0.907895 0.382353 0.907895 0.386029 0.903509 0.411765 0.903509 0.415441 0.899123 0.426471 0.899123 0.430147 0.894737 0.448529 0.894737 0.452206 0.890351 0.481618 0.890351 0.485294 0.885965 0.525735 0.885965 0.536765 0.872807 0.540441 0.872807 0.544118 0.868421 0.544118 0.864035 0.540441 0.859649
0 0.141544 0.664474 0.283088 0.048246 0.238971 0.640351 0.235294 0.644737 0.209559 0.644737 0.205882 0.649123 0.158088 0.649123 0.154412 0.653509 0.150735 0.653509 0.147059 0.657895 0.132353 0.657895 0.128676 0.662281 0.117647 0.662281 0.110294 0.653509 0.106618 0.653509 0.099265 0.662281 0.095588 0.662281 0.091912 0.666667 0.088235 0.666667 0.084559 0.671053 0.066176 0.671053 0.058824 0.662281 0.058824 0.657895 0.055147 0.657895 0.044118 0.671053 0.018382 0.671053 0.014706 0.666667 0.011029 0.666667 0.007353 0.671053 0.003676 0.671053 0.000000 0.675439 0.000000 0.684211 0.014706 0.684211 0.018382 0.679825 0.033088 0.679825 0.036765 0.675439 0.058824 0.675439 0.062500 0.679825 0.091912 0.679825 0.095588 0.675439 0.099265 0.675439 0.102941 0.671053 0.139706 0.671053 0.143382 0.675439 0.147059 0.675439 0.150735 0.671053 0.154412 0.671053 0.158088 0.666667 0.161765 0.666667 0.165441 0.662281 0.191176 0.662281 0.198529 0.653509 0.231618 0.653509 0.235294 0.649123 0.250000 0.649123 0.253676 0.653509 0.275735 0.653509 0.279412 0.649123 0.275735 0.644737 0.257353 0.644737 0.253676 0.640351
0 0.163603 0.526316 0.327206 0.210526 0.268382 0.421053 0.264706 0.425439 0.264706 0.456140 0.268382 0.460526 0.268382 0.478070 0.261029 0.486842 0.246324 0.486842 0.242647 0.491228 0.235294 0.491228 0.231618 0.495614 0.235294 0.500000 0.246324 0.500000 0.250000 0.495614 0.264706 0.495614 0.268382 0.500000 0.272059 0.500000 0.283088 0.513158 0.283088 0.521930 0.275735 0.530702 0.272059 0.530702 0.261029 0.517544 0.257353 0.517544 0.257353 0.521930 0.250000 0.530702 0.238971 0.530702 0.235294 0.526316 0.231618 0.526316 0.224265 0.535088 0.216912 0.535088 0.213235 0.539474 0.205882 0.539474 0.202206 0.535088 0.172794 0.535088 0.165441 0.526316 0.161765 0.530702 0.161765 0.535088 0.154412 0.543860 0.150735 0.543860 0.147059 0.539474 0.132353 0.539474 0.128676 0.543860 0.125000 0.543860 0.121324 0.548246 0.106618 0.548246 0.102941 0.552632 0.088235 0.552632 0.084559 0.557018 0.080882 0.557018 0.077206 0.561404 0.066176 0.561404 0.058824 0.552632 0.058824 0.548246 0.047794 0.535088 0.047794 0.530702 0.044118 0.526316 0.044118 0.517544 0.047794 0.513158 0.047794 0.508772 0.036765 0.508772 0.033088 0.513158 0.033088 0.517544 0.036765 0.521930 0.036765 0.526316 0.029412 0.535088 0.029412 0.539474 0.033088 0.535088 0.036765 0.535088 0.044118 0.543860 0.044118 0.552632 0.036765 0.561404 0.018382 0.561404 0.014706 0.565789 0.000000 0.565789 0.000000 0.578947 0.003676 0.574561 0.025735 0.574561 0.029412 0.570175 0.047794 0.570175 0.051471 0.574561 0.055147 0.574561 0.069853 0.592105 0.069853 0.600877 0.058824 0.614035 0.033088 0.614035 0.029412 0.618421 0.025735 0.618421 0.022059 0.614035 0.003676 0.614035 0.000000 0.618421 0.000000 0.627193 0.003676 0.627193 0.007353 0.622807 0.025735 0.622807 0.029412 0.627193 0.055147 0.627193 0.058824 0.622807 0.066176 0.622807 0.069853 0.618421 0.077206 0.618421 0.091912 0.600877 0.095588 0.600877 0.106618 0.614035 0.125000 0.614035 0.132353 0.605263 0.136029 0.605263 0.139706 0.600877 0.136029 0.596491 0.132353 0.596491 0.128676 0.600877 0.125000 0.600877 0.121324 0.605263 0.110294 0.605263 0.106618 0.600877 0.106618 0.596491 0.113971 0.587719 0.113971 0.583333 0.099265 0.583333 0.095588 0.587719 0.091912 0.587719 0.084559 0.596491 0.077206 0.596491 0.073529 0.592105 0.073529 0.587719 0.069853 0.583333 0.069853 0.574561 0.077206 0.565789 0.088235 0.565789 0.091912 0.561404 0.117647 0.561404 0.121324 0.557018 0.132353 0.557018 0.136029 0.552632 0.161765 0.552632 0.165441 0.557018 0.169118 0.557018 0.176471 0.565789 0.180147 0.565789 0.180147 0.561404 0.176471 0.557018 0.176471 0.552632 0.183824 0.543860 0.216912 0.543860 0.220588 0.539474 0.224265 0.539474 0.227941 0.535088 0.238971 0.535088 0.242647 0.539474 0.257353 0.539474 0.261029 0.535088 0.272059 0.535088 0.275735 0.530702 0.283088 0.530702 0.294118 0.543860 0.294118 0.548246 0.283088 0.561404 0.257353 0.561404 0.253676 0.565789 0.246324 0.565789 0.242647 0.561404 0.238971 0.561404 0.220588 0.583333 0.213235 0.583333 0.209559 0.578947 0.205882 0.578947 0.202206 0.583333 0.194853 0.583333 0.183824 0.596491 0.180147 0.596491 0.176471 0.600877 0.183824 0.609649 0.187500 0.609649 0.187500 0.600877 0.194853 0.592105 0.198529 0.596491 0.224265 0.596491 0.227941 0.592105 0.231618 0.592105 0.235294 0.587719 0.235294 0.583333 0.242647 0.574561 0.257353 0.574561 0.264706 0.583333 0.264706 0.587719 0.268382 0.592105 0.272059 0.592105 0.283088 0.578947 0.286765 0.578947 0.290441 0.574561 0.294118 0.574561 0.297794 0.578947 0.301471 0.578947 0.305147 0.583333 0.305147 0.592105 0.301471 0.596491 0.301471 0.600877 0.308824 0.600877 0.323529 0.583333 0.323529 0.574561 0.319853 0.570175 0.316176 0.570175 0.305147 0.557018 0.305147 0.543860 0.301471 0.539474 0.301471 0.530702 0.297794 0.526316 0.297794 0.513158 0.294118 0.508772 0.294118 0.504386 0.290441 0.500000 0.290441 0.495614 0.286765 0.491228 0.286765 0.486842 0.283088 0.482456 0.283088 0.478070 0.279412 0.473684 0.279412 0.464912 0.275735 0.460526 0.275735 0.451754 0.272059 0.447368 0.272059 0.425439
0 0.461397 0.394737 0.312500 0.394737 0.308824 0.197368 0.305147 0.201754 0.305147 0.210526 0.312500 0.219298 0.312500 0.236842 0.319853 0.245614 0.319853 0.254386 0.312500 0.263158 0.312500 0.267544 0.316176 0.271930 0.319853 0.271930 0.330882 0.285088 0.330882 0.293860 0.327206 0.298246 0.338235 0.311404 0.338235 0.315789 0.341912 0.320175 0.341912 0.346491 0.352941 0.359649 0.352941 0.364035 0.356618 0.368421 0.356618 0.372807 0.352941 0.377193 0.352941 0.381579 0.360294 0.390351 0.360294 0.399123 0.363971 0.403509 0.363971 0.407895 0.367647 0.412281 0.367647 0.425439 0.378676 0.438596 0.378676 0.451754 0.382353 0.456140 0.382353 0.464912 0.386029 0.469298 0.386029 0.473684 0.389706 0.478070 0.389706 0.495614 0.378676 0.508772 0.371324 0.508772 0.367647 0.513158 0.345588 0.513158 0.341912 0.517544 0.338235 0.517544 0.334559 0.521930 0.330882 0.521930 0.327206 0.526316 0.349265 0.526316 0.352941 0.521930 0.378676 0.521930 0.382353 0.517544 0.393382 0.517544 0.400735 0.526316 0.400735 0.535088 0.389706 0.548246 0.382353 0.548246 0.378676 0.543860 0.371324 0.543860 0.367647 0.548246 0.363971 0.548246 0.360294 0.552632 0.345588 0.552632 0.341912 0.548246 0.338235 0.552632 0.338235 0.561404 0.334559 0.565789 0.334559 0.570175 0.338235 0.570175 0.345588 0.561404 0.352941 0.561404 0.356618 0.557018 0.375000 0.557018 0.382353 0.565789 0.382353 0.570175 0.375000 0.578947 0.367647 0.578947 0.363971 0.583333 0.356618 0.583333 0.356618 0.587719 0.375000 0.587719 0.378676 0.583333 0.389706 0.583333 0.397059 0.574561 0.419118 0.574561 0.430147 0.587719 0.433824 0.587719 0.437500 0.583333 0.437500 0.578947 0.448529 0.565789 0.455882 0.565789 0.463235 0.574561 0.466912 0.574561 0.470588 0.570175 0.500000 0.570175 0.500000 0.565789 0.496324 0.561404 0.488971 0.561404 0.485294 0.557018 0.474265 0.557018 0.470588 0.552632 0.455882 0.552632 0.452206 0.557018 0.448529 0.557018 0.444853 0.561404 0.441176 0.561404 0.437500 0.565789 0.408088 0.565789 0.400735 0.557018 0.400735 0.552632 0.411765 0.539474 0.411765 0.526316 0.408088 0.521930 0.408088 0.517544 0.415441 0.508772 0.474265 0.508772 0.477941 0.513158 0.507353 0.513158 0.511029 0.508772 0.536765 0.508772 0.540441 0.504386 0.544118 0.504386 0.555147 0.517544 0.555147 0.539474 0.547794 0.548246 0.544118 0.548246 0.540441 0.552632 0.533088 0.552632 0.529412 0.557018 0.518382 0.557018 0.514706 0.561404 0.518382 0.565789 0.533088 0.565789 0.536765 0.561404 0.547794 0.561404 0.551471 0.557018 0.558824 0.557018 0.562500 0.561404 0.569853 0.561404 0.573529 0.557018 0.588235 0.557018 0.591912 0.561404 0.599265 0.561404 0.602941 0.557018 0.613971 0.557018 0.613971 0.552632 0.580882 0.552632 0.577206 0.548246 0.573529 0.548246 0.566176 0.539474 0.566176 0.526316 0.562500 0.521930 0.562500 0.495614 0.558824 0.491228 0.558824 0.473684 0.555147 0.469298 0.555147 0.434211 0.551471 0.429825 0.551471 0.425439 0.547794 0.421053 0.547794 0.364035 0.544118 0.359649 0.544118 0.355263 0.540441 0.350877 0.540441 0.346491 0.536765 0.342105 0.536765 0.337719 0.533088 0.333333 0.533088 0.328947 0.529412 0.324561 0.529412 0.315789 0.514706 0.298246 0.514706 0.293860 0.507353 0.285088 0.503676 0.285088 0.500000 0.289474 0.500000 0.298246 0.507353 0.307018 0.507353 0.311404 0.514706 0.320175 0.514706 0.328947 0.518382 0.333333 0.518382 0.342105 0.522059 0.342105 0.533088 0.355263 0.533088 0.359649 0.536765 0.364035 0.536765 0.403509 0.522059 0.421053 0.525735 0.425439 0.529412 0.421053 0.533088 0.421053 0.540441 0.429825 0.540441 0.438596 0.533088 0.447368 0.525735 0.447368 0.518382 0.456140 0.518382 0.469298 0.522059 0.464912 0.522059 0.460526 0.529412 0.451754 0.533088 0.451754 0.536765 0.447368 0.540441 0.447368 0.544118 0.451754 0.544118 0.464912 0.547794 0.469298 0.547794 0.482456 0.536765 0.495614 0.529412 0.495614 0.525735 0.500000 0.503676 0.500000 0.500000 0.504386 0.477941 0.504386 0.474265 0.500000 0.437500 0.500000 0.433824 0.504386 0.408088 0.504386 0.400735 0.495614 0.400735 0.486842 0.397059 0.482456 0.397059 0.469298 0.389706 0.460526 0.389706 0.451754 0.386029 0.447368 0.386029 0.438596 0.378676 0.429825 0.378676 0.412281 0.375000 0.407895 0.375000 0.399123 0.371324 0.394737 0.371324 0.368421 0.375000 0.364035 0.375000 0.359649 0.371324 0.364035 0.367647 0.359649 0.363971 0.359649 0.360294 0.355263 0.360294 0.350877 0.356618 0.346491 0.356618 0.342105 0.363971 0.333333 0.367647 0.333333 0.367647 0.328947 0.356618 0.328947 0.349265 0.320175 0.349265 0.311404 0.356618 0.302632 0.360294 0.302632 0.363971 0.298246 0.360294 0.293860 0.352941 0.293860 0.349265 0.298246 0.338235 0.285088 0.338235 0.280702 0.349265 0.267544 0.352941 0.267544 0.352941 0.263158 0.345588 0.263158 0.341912 0.267544 0.338235 0.267544 0.319853 0.245614 0.319853 0.206140 0.312500 0.197368
0 0.669118 0.394737 0.161765 0.429825 0.602941 0.179825 0.591912 0.192982 0.595588 0.197368 0.599265 0.197368 0.606618 0.206140 0.606618 0.210526 0.610294 0.214912 0.610294 0.223684 0.621324 0.236842 0.621324 0.241228 0.628676 0.250000 0.628676 0.271930 0.625000 0.276316 0.625000 0.280702 0.632353 0.289474 0.632353 0.298246 0.621324 0.311404 0.625000 0.315789 0.636029 0.302632 0.639706 0.302632 0.650735 0.315789 0.650735 0.337719 0.647059 0.342105 0.647059 0.346491 0.636029 0.359649 0.632353 0.359649 0.632353 0.364035 0.636029 0.359649 0.639706 0.359649 0.647059 0.368421 0.647059 0.394737 0.650735 0.399123 0.650735 0.416667 0.654412 0.421053 0.654412 0.434211 0.658088 0.438596 0.658088 0.456140 0.650735 0.464912 0.643382 0.464912 0.636029 0.456140 0.628676 0.456140 0.625000 0.451754 0.617647 0.451754 0.613971 0.447368 0.588235 0.447368 0.588235 0.451754 0.595588 0.460526 0.625000 0.460526 0.628676 0.464912 0.632353 0.464912 0.636029 0.469298 0.658088 0.469298 0.665441 0.478070 0.665441 0.482456 0.672794 0.491228 0.672794 0.535088 0.669118 0.539474 0.669118 0.552632 0.672794 0.557018 0.676471 0.557018 0.683824 0.565789 0.683824 0.570175 0.687500 0.574561 0.687500 0.583333 0.672794 0.600877 0.650735 0.600877 0.650735 0.605263 0.680147 0.605263 0.683824 0.600877 0.691176 0.600877 0.694853 0.605263 0.698529 0.605263 0.698529 0.600877 0.691176 0.592105 0.691176 0.578947 0.694853 0.574561 0.694853 0.561404 0.691176 0.557018 0.698529 0.548246 0.702206 0.548246 0.705882 0.543860 0.709559 0.543860 0.713235 0.539474 0.716912 0.539474 0.724265 0.530702 0.731618 0.530702 0.735294 0.526316 0.742647 0.526316 0.746324 0.521930 0.746324 0.517544 0.742647 0.513158 0.738971 0.513158 0.720588 0.535088 0.705882 0.535088 0.702206 0.539474 0.698529 0.539474 0.694853 0.543860 0.691176 0.543860 0.683824 0.535088 0.683824 0.526316 0.680147 0.521930 0.680147 0.495614 0.676471 0.491228 0.676471 0.478070 0.680147 0.473684 0.687500 0.473684 0.691176 0.478070 0.698529 0.478070 0.702206 0.482456 0.713235 0.482456 0.713235 0.478070 0.709559 0.478070 0.705882 0.473684 0.687500 0.473684 0.680147 0.464912 0.676471 0.464912 0.669118 0.456140 0.669118 0.416667 0.661765 0.407895 0.661765 0.403509 0.658088 0.399123 0.658088 0.385965 0.654412 0.381579 0.654412 0.350877 0.658088 0.346491 0.658088 0.311404 0.661765 0.307018 0.658088 0.302632 0.654412 0.302632 0.643382 0.289474 0.643382 0.250000 0.632353 0.236842 0.632353 0.232456 0.628676 0.228070 0.628676 0.219298 0.621324 0.210526 0.621324 0.206140 0.606618 0.188596 0.606618 0.184211
0 0.878676 0.348684 0.213235 0.381579 0.801471 0.157895 0.794118 0.166667 0.790441 0.166667 0.786765 0.171053 0.786765 0.179825 0.775735 0.192982 0.779412 0.197368 0.790441 0.184211 0.790441 0.179825 0.797794 0.171053 0.801471 0.171053 0.805147 0.166667 0.812500 0.166667 0.816176 0.171053 0.827206 0.171053 0.830882 0.175439 0.834559 0.175439 0.845588 0.188596 0.845588 0.197368 0.841912 0.201754 0.856618 0.219298 0.856618 0.223684 0.860294 0.228070 0.860294 0.232456 0.886029 0.263158 0.886029 0.267544 0.889706 0.271930 0.889706 0.276316 0.893382 0.280702 0.893382 0.285088 0.897059 0.289474 0.897059 0.372807 0.893382 0.377193 0.893382 0.381579 0.886029 0.390351 0.878676 0.390351 0.871324 0.381579 0.867647 0.385965 0.875000 0.394737 0.878676 0.394737 0.889706 0.407895 0.889706 0.434211 0.882353 0.442982 0.882353 0.447368 0.889706 0.456140 0.889706 0.460526 0.893382 0.464912 0.893382 0.473684 0.886029 0.482456 0.886029 0.495614 0.875000 0.508772 0.867647 0.508772 0.863971 0.513158 0.838235 0.513158 0.834559 0.508772 0.830882 0.508772 0.823529 0.517544 0.816176 0.517544 0.812500 0.513158 0.801471 0.513158 0.794118 0.521930 0.786765 0.521930 0.779412 0.513158 0.779412 0.491228 0.786765 0.482456 0.819853 0.482456 0.827206 0.491228 0.830882 0.491228 0.830882 0.478070 0.838235 0.469298 0.849265 0.469298 0.852941 0.473684 0.871324 0.473684 0.871324 0.464912 0.860294 0.464912 0.856618 0.460526 0.849265 0.460526 0.845588 0.464912 0.838235 0.464912 0.827206 0.478070 0.819853 0.478070 0.816176 0.473684 0.812500 0.473684 0.808824 0.469298 0.797794 0.469298 0.794118 0.473684 0.790441 0.473684 0.783088 0.464912 0.783088 0.460526 0.786765 0.456140 0.783088 0.456140 0.783088 0.460526 0.775735 0.469298 0.775735 0.486842 0.772059 0.491228 0.772059 0.508772 0.775735 0.513158 0.775735 0.521930 0.783088 0.530702 0.786765 0.526316 0.797794 0.526316 0.801471 0.530702 0.816176 0.530702 0.819853 0.535088 0.823529 0.535088 0.834559 0.521930 0.841912 0.530702 0.841912 0.535088 0.845588 0.535088 0.845588 0.530702 0.852941 0.521930 0.867647 0.521930 0.871324 0.517544 0.886029 0.517544 0.889706 0.513158 0.908088 0.513158 0.915441 0.504386 0.930147 0.504386 0.933824 0.500000 0.933824 0.495614 0.930147 0.491228 0.919118 0.491228 0.911765 0.500000 0.908088 0.500000 0.900735 0.491228 0.900735 0.486842 0.904412 0.482456 0.904412 0.478070 0.911765 0.469298 0.919118 0.469298 0.922794 0.464912 0.930147 0.464912 0.933824 0.460526 0.948529 0.460526 0.952206 0.456140 0.977941 0.456140 0.981618 0.451754 0.977941 0.447368 0.955882 0.447368 0.952206 0.451754 0.933824 0.451754 0.930147 0.456140 0.919118 0.456140 0.915441 0.460526 0.908088 0.460526 0.900735 0.451754 0.900735 0.434211 0.904412 0.429825 0.904412 0.425439 0.911765 0.416667 0.915441 0.416667 0.919118 0.412281 0.919118 0.407895 0.915441 0.407895 0.911765 0.412281 0.908088 0.412281 0.900735 0.403509 0.900735 0.390351 0.904412 0.385965 0.904412 0.337719 0.908088 0.333333 0.908088 0.307018 0.911765 0.302632 0.911765 0.293860 0.897059 0.276316 0.897059 0.271930 0.893382 0.267544 0.893382 0.258772 0.889706 0.254386 0.889706 0.245614 0.886029 0.241228 0.882353 0.241228 0.878676 0.236842 0.875000 0.236842 0.867647 0.228070 0.867647 0.223684 0.863971 0.219298 0.863971 0.210526 0.867647 0.206140 0.863971 0.201754 0.860294 0.201754 0.852941 0.192982 0.852941 0.188596 0.834559 0.166667 0.827206 0.166667 0.823529 0.162281 0.812500 0.162281 0.808824 0.157895
0 0.494485 0.177632 0.055147 0.171053 0.470588 0.092105 0.466912 0.096491 0.466912 0.100877 0.474265 0.109649 0.474265 0.118421 0.481618 0.127193 0.481618 0.131579 0.485294 0.135965 0.485294 0.149123 0.488971 0.153509 0.488971 0.162281 0.492647 0.166667 0.492647 0.175439 0.488971 0.179825 0.481618 0.179825 0.477941 0.184211 0.485294 0.192982 0.485294 0.197368 0.488971 0.201754 0.488971 0.206140 0.492647 0.210526 0.492647 0.236842 0.507353 0.254386 0.507353 0.258772 0.514706 0.258772 0.514706 0.241228 0.518382 0.236842 0.518382 0.228070 0.511029 0.219298 0.511029 0.206140 0.507353 0.201754 0.503676 0.206140 0.500000 0.206140 0.492647 0.197368 0.492647 0.192982 0.500000 0.184211 0.503676 0.184211 0.503676 0.166667 0.496324 0.157895 0.496324 0.153509 0.492647 0.149123 0.492647 0.144737 0.488971 0.140351 0.488971 0.127193 0.485294 0.122807 0.485294 0.118421 0.481618 0.114035 0.481618 0.105263 0.477941 0.100877 0.477941 0.096491 0.474265 0.092105
0 0.079044 0.160088 0.158088 0.267544 0.066176 0.026316 0.058824 0.035088 0.040441 0.035088 0.036765 0.030702 0.033088 0.030702 0.029412 0.035088 0.040441 0.048246 0.044118 0.048246 0.047794 0.043860 0.058824 0.043860 0.066176 0.052632 0.066176 0.057018 0.047794 0.078947 0.040441 0.078947 0.036765 0.083333 0.033088 0.083333 0.029412 0.078947 0.022059 0.078947 0.011029 0.092105 0.007353 0.092105 0.003676 0.096491 0.000000 0.096491 0.000000 0.100877 0.022059 0.100877 0.025735 0.096491 0.044118 0.096491 0.047794 0.100877 0.051471 0.100877 0.058824 0.109649 0.058824 0.127193 0.062500 0.131579 0.062500 0.135965 0.066176 0.140351 0.066176 0.149123 0.069853 0.153509 0.069853 0.162281 0.066176 0.166667 0.066176 0.179825 0.055147 0.192982 0.058824 0.197368 0.062500 0.192982 0.066176 0.192982 0.069853 0.188596 0.073529 0.188596 0.084559 0.201754 0.084559 0.232456 0.088235 0.236842 0.088235 0.245614 0.084559 0.250000 0.084559 0.263158 0.088235 0.267544 0.088235 0.280702 0.084559 0.285088 0.088235 0.289474 0.095588 0.289474 0.095588 0.285088 0.099265 0.280702 0.099265 0.271930 0.095588 0.267544 0.095588 0.210526 0.091912 0.206140 0.091912 0.201754 0.084559 0.192982 0.084559 0.188596 0.080882 0.184211 0.080882 0.175439 0.084559 0.171053 0.084559 0.162281 0.080882 0.157895 0.080882 0.153509 0.088235 0.144737 0.091912 0.144737 0.095588 0.140351 0.091912 0.135965 0.088235 0.135965 0.080882 0.127193 0.080882 0.122807 0.073529 0.114035 0.084559 0.100877 0.091912 0.100877 0.102941 0.087719 0.150735 0.087719 0.154412 0.083333 0.154412 0.078947 0.150735 0.074561 0.143382 0.074561 0.139706 0.078947 0.117647 0.078947 0.113971 0.074561 0.110294 0.074561 0.099265 0.087719 0.091912 0.087719 0.088235 0.092105 0.077206 0.092105 0.069853 0.100877 0.066176 0.100877 0.062500 0.096491 0.058824 0.096491 0.051471 0.087719 0.051471 0.078947 0.058824 0.070175 0.066176 0.070175 0.069853 0.065789 0.069853 0.057018 0.073529 0.052632 0.073529 0.048246 0.077206 0.043860 0.077206 0.030702 0.073529 0.026316
0 0.196691 0.168860 0.055147 0.337719 0.169118 0.000000 0.169118 0.017544 0.172794 0.021930 0.172794 0.043860 0.176471 0.048246 0.176471 0.061404 0.180147 0.065789 0.180147 0.092105 0.183824 0.096491 0.183824 0.100877 0.191176 0.109649 0.191176 0.144737 0.194853 0.149123 0.194853 0.166667 0.198529 0.171053 0.202206 0.171053 0.209559 0.179825 0.209559 0.188596 0.202206 0.197368 0.202206 0.210526 0.198529 0.214912 0.198529 0.241228 0.202206 0.245614 0.202206 0.271930 0.198529 0.276316 0.198529 0.289474 0.209559 0.302632 0.209559 0.307018 0.213235 0.311404 0.213235 0.324561 0.209559 0.328947 0.209559 0.333333 0.213235 0.333333 0.216912 0.328947 0.220588 0.328947 0.220588 0.320175 0.216912 0.315789 0.216912 0.298246 0.213235 0.293860 0.213235 0.254386 0.209559 0.250000 0.209559 0.219298 0.213235 0.214912 0.213235 0.201754 0.216912 0.197368 0.216912 0.171053 0.220588 0.166667 0.220588 0.157895 0.213235 0.166667 0.209559 0.166667 0.202206 0.157895 0.202206 0.153509 0.205882 0.149123 0.205882 0.144737 0.202206 0.140351 0.202206 0.114035 0.198529 0.109649 0.198529 0.092105 0.194853 0.087719 0.194853 0.057018 0.187500 0.048246 0.187500 0.035088 0.183824 0.030702 0.183824 0.021930 0.180147 0.017544 0.180147 0.000000